0.031167
0.029777
0.029618
0.028771
0.027989
0.027686
0.027532
0.026812
0.025613
0.025278
0.024529
0.024482
0.02403
0.0235
0.023421
0.023351
0.022187
0.022112
0.021886
0.021758
0.021556
0.021308
0.021285
0.021043
0.02102
0.020482
0.020101
0.019921
0.01972
0.019601
0.019574
0.019533
0.019394
0.019314
0.01931
0.019222
0.019123
0.019105
0.01889
0.018855
0.018114
0.018105
0.017879
0.017682
0.017669
0.017642
0.01757
0.017538
0.017485
0.017478
0.017435
0.017395
0.017365
0.017337
0.017216
0.017198
0.017011
0.016963
0.016911
0.016592
0.016571
0.016525
0.016471
0.016437
0.0163
0.016132
0.016001
0.015983
0.015891
0.015624
0.015604
0.015484
0.015409
0.015404
0.015314
0.015312
0.015311
0.015301
0.015164
0.014907
0.014905
0.014873
0.014846
0.014834
0.014797
0.014718
0.014647
0.014562
0.014537
0.014534
0.014521
0.014513
0.014419
0.014354
0.014188
0.01414
0.014129
0.014081
0.014048
0.013969
0.013958
0.013861
0.013762
0.013731
0.013719
0.013708
0.013706
0.013644
0.013616
0.013401
0.013362
0.013312
0.013303
0.013175
0.013063
0.013048
0.013027
0.012898
0.012867
0.012855
0.012777
0.012745
0.012709
0.012635
0.012588
0.012586
0.012564
0.012523
0.012395
0.012372
0.012177
0.012126
0.011968
0.011954
0.01192
0.011736
0.011704
0.011696
0.011687
0.01161
0.011556
0.011517
0.011499
0.011475
0.011459
0.011445
0.011433
0.011431
0.011431
0.011425
0.011384
0.011359
0.011346
0.011343
0.011295
0.011232
0.011214
0.011191
0.011145
0.011113
0.011097
0.011004
0.010989
0.01098
0.01097
0.01097
0.010943
0.010935
0.010868
0.010857
0.010817
0.010718
0.010682
0.010678
0.010626
0.010616
0.010616
0.010607
0.010594
0.010576
0.010519
0.010506
0.010485
0.010448
0.010336
0.010239
0.010196
0.010176
0.010173
0.010109
0.010073
0.01007
0.010069
0.010038
0.010019
0.009977
0.009958
0.009953
0.00991
0.009904
0.009904
0.009903
0.009902
0.009899
0.00988
0.009874
0.009855
0.009827
0.009809
0.009803
0.00979
0.009731
0.009699
0.009648
0.009648
0.009624
0.009617
0.00961
0.009602
0.009568
0.009558
0.009554
0.009545
0.009522
0.009429
0.009393
0.009385
0.009361
0.009342
0.009336
0.009322
0.009268
0.009261
0.00921
0.009195
0.009109
0.00908
0.009044
0.009039
0.009039
0.008987
0.008987
0.008983
0.008963
0.008956
0.00895
0.008937
0.008925
0.008917
0.008904
0.008846
0.008838
0.008833
0.008816
0.008774
0.008756
0.008756
0.008738
0.008719
0.008717
0.008716
0.008702
0.0087
0.008695
0.00869
0.00869
0.008674
0.008668
0.008651
0.008647
0.008644
0.008627
0.008564
0.008559
0.008554
0.008552
0.008514
0.008499
0.008497
0.008485
0.00848
0.00847
0.008455
0.008445
0.008442
0.00844
0.008364
0.008333
0.008324
0.008318
0.008315
0.008311
0.008274
0.008272
0.00826
0.008258
0.008254
0.008251
0.008244
0.008224
0.008219
0.008202
0.008181
0.008162
0.008151
0.008137
0.008133
0.008129
0.008129
0.00812
0.008113
0.008089
0.008082
0.008033
0.008018
0.008009
0.007988
0.007986
0.007961
0.00794
0.007934
0.007918
0.007917
0.007905
0.007903
0.007894
0.00789
0.00788
0.007879
0.007877
0.007851
0.007845
0.007818
0.007808
0.007801
0.007783
0.007747
0.00773
0.007729
0.007724
0.00772
0.007718
0.007704
0.007698
0.00769
0.007673
0.007657
0.007655
0.007652
0.007645
0.007641
0.007638
0.007637
0.007636
0.007631
0.007625
0.007615
0.007611
0.007608
0.007607
0.007606
0.007606
0.007605
0.0076
0.007597
0.007588
0.007578
0.007576
0.007575
0.007571
0.00757
0.007558
0.007555
0.007553
0.007551
0.007547
0.007539
0.007533
0.007506
0.007506
0.007501
0.007498
0.007467
0.007458
0.007456
0.007437
0.007435
0.007412
0.007411
0.007406
0.007403
0.007396
0.007364
0.007357
0.007323
0.007319
0.007307
0.007306
0.007302
0.007274
0.007272
0.007245
0.007231
0.007225
0.007209
0.007206
0.007199
0.007187
0.007164
0.00716
0.007151
0.007146
0.007138
0.007135
0.00713
0.007124
0.007122
0.007115
0.007112
0.00711
0.007099
0.007084
0.007079
0.007075
0.007054
0.007041
0.007038
0.007033
0.007027
0.007018
0.007015
0.007012
0.007004
0.006974
0.006966
0.006965
0.006949
0.006942
0.006941
0.006939
0.006925
0.006921
0.006918
0.006912
0.006911
0.006903
0.006889
0.006888
0.006865
0.006857
0.006832
0.006829
0.006814
0.006804
0.006798
0.006789
0.006786
0.006775
0.006771
0.006764
0.006757
0.006755
0.006754
0.006747
0.006746
0.006713
0.006709
0.006696
0.006694
0.006693
0.00669
0.006688
0.006688
0.006688
0.006687
0.006683
0.006682
0.006679
0.006679
0.006672
0.006659
0.006654
0.006649
0.006648
0.006644
0.006642
0.006637
0.006635
0.006615
0.006603
0.006602
0.006601
0.006589
0.006569
0.006554
0.006546
0.006546
0.006533
0.006527
0.006524
0.006518
0.006512
0.00651
0.006509
0.006483
0.006463
0.006456
0.006448
0.006433
0.006432
0.006431
0.006426
0.006426
0.006422
0.006405
0.006403
0.006392
0.006366
0.006364
0.006356
0.00635
0.006344
0.006342
0.00633
0.006328
0.006327
0.006326
0.006325
0.006325
0.006318
0.006307
0.006292
0.00629
0.006259
0.006241
0.006231
0.006229
0.006219
0.006217
0.006213
0.00621
0.006208
0.006208
0.006208
0.0062
0.006189
0.00618
0.006176
0.006168
0.006161
0.006154
0.00615
0.006144
0.00614
0.006137
0.006129
0.006125
0.006118
0.006115
0.006114
0.006114
0.006103
0.0061
0.0061
0.006099
0.006087
0.006083
0.006076
0.00607
0.006069
0.006067
0.006066
0.006064
0.006063
0.006063
0.006061
0.006059
0.006057
0.006057
0.006055
0.006055
0.006053
0.006048
0.006045
0.006041
0.006036
0.006034
0.00603
0.006027
0.006019
0.006011
0.006003
0.006002
0.005999
0.005999
0.005996
0.005991
0.005984
0.005984
0.005981
0.005978
0.005977
0.005975
0.005949
0.005935
0.00593
0.005924
0.005924
0.005921
0.005909
0.005905
0.005904
0.005899
0.005899
0.005897
0.005892
0.005886
0.005884
0.005869
0.005869
0.005846
0.005845
0.005844
0.005841
0.00584
0.005833
0.005827
0.005822
0.005821
0.005814
0.005811
0.005808
0.005804
0.005796
0.005794
0.005794
0.005791
0.005778
0.005774
0.005771
0.00577
0.005767
0.00576
0.005754
0.005752
0.005751
0.00575
0.005748
0.005743
0.005741
0.005737
0.005735
0.005731
0.005729
0.005711
0.005705
0.005697
0.005695
0.005695
0.005679
0.005675
0.005668
0.005657
0.005654
0.005652
0.00565
0.005641
0.005638
0.005636
0.005635
0.005631
0.005629
0.005628
0.005621
0.005616
0.005612
0.005606
0.005598
0.005592
0.005589
0.005586
0.005584
0.005582
0.00557
0.005561
0.00556
0.005552
0.005549
0.005547
0.005545
0.005537
0.005534
0.005529
0.005519
0.00551
0.005504
0.005504
0.0055
0.005499
0.005494
0.00549
0.005486
0.005484
0.00548
0.00548
0.005452
0.005445
0.005438
0.005438
0.005426
0.005426
0.005419
0.005407
0.005406
0.005404
0.005396
0.005391
0.005382
0.005382
0.00538
0.00538
0.005379
0.005373
0.005372
0.00537
0.005366
0.005348
0.005348
0.005343
0.005339
0.005339
0.005324
0.00532
0.005316
0.005313
0.00531
0.005306
0.005302
0.005297
0.005291
0.005291
0.00529
0.005283
0.005282
0.005282
0.005279
0.005276
0.005275
0.005267
0.005267
0.005267
0.00526
0.005254
0.005253
0.005252
0.005246
0.005242
0.005241
0.005233
0.005226
0.005226
0.005218
0.00521
0.005207
0.005206
0.005192
0.00519
0.005181
0.005179
0.005167
0.005164
0.005157
0.005149
0.005148
0.005147
0.005147
0.005141
0.00514
0.005138
0.005138
0.005137
0.005136
0.005136
0.005133
0.005129
0.005123
0.005122
0.005121
0.005119
0.005116
0.005114
0.005112
0.005109
0.005108
0.005101
0.005094
0.005089
0.005084
0.005083
0.005077
0.005076
0.005076
0.005071
0.005071
0.005068
0.005068
0.005065
0.005061
0.005057
0.005055
0.005052
0.00505
0.005047
0.005044
0.00504
0.005034
0.005026
0.005025
0.005016
0.005016
0.005005
0.005001
0.005001
0.0050
0.004999
0.004995
0.004989
0.004973
0.00497
0.004966
0.004965
0.004963
0.004959
0.004958
0.004958
0.004953
0.004949
0.004948
0.004947
0.004947
0.004946
0.004946
0.004945
0.004943
0.004939
0.004937
0.004935
0.004933
0.004932
0.004927
0.004925
0.004924
0.004924
0.004924
0.004923
0.004916
0.004909
0.004905
0.004905
0.004905
0.004897
0.004878
0.004877
0.004875
0.004875
0.004869
0.004867
0.004867
0.004864
0.004859
0.004859
0.004858
0.004855
0.004852
0.004844
0.004839
0.004839
0.004838
0.004838
0.004836
0.004836
0.004834
0.004828
0.004827
0.004824
0.004821
0.004817
0.004811
0.00481
0.004807
0.004804
0.004803
0.004802
0.0048
0.0048
0.004797
0.004795
0.004794
0.004793
0.00479
0.004784
0.004774
0.004772
0.004772
0.00477
0.00477
0.00477
0.004767
0.004762
0.004762
0.00476
0.004759
0.004759
0.004753
0.00475
0.004747
0.004746
0.004745
0.004744
0.004739
0.004737
0.004737
0.004735
0.004726
0.004726
0.004722
0.004718
0.004717
0.004717
0.004716
0.004708
0.004708
0.004708
0.004706
0.004705
0.004698
0.004698
0.004696
0.004694
0.004693
0.004693
0.004688
0.004686
0.004686
0.004685
0.004684
0.004682
0.00468
0.004679
0.004671
0.00467
0.00467
0.004667
0.004664
0.004662
0.004658
0.004653
0.004652
0.004651
0.004649
0.004644
0.004641
0.004637
0.004636
0.004636
0.004634
0.004632
0.004631
0.004628
0.004625
0.004623
0.004621
0.004618
0.004615
0.004614
0.004612
0.00461
0.004609
0.004605
0.004605
0.004603
0.004603
0.004599
0.004599
0.004594
0.004587
0.004587
0.004585
0.004579
0.004578
0.004578
0.004578
0.004574
0.004573
0.004573
0.004572
0.00457
0.004569
0.004569
0.004569
0.004565
0.004563
0.004562
0.004561
0.00456
0.004557
0.004557
0.004556
0.00455
0.004542
0.004542
0.004542
0.004539
0.004534
0.004531
0.004531
0.00453
0.00453
0.004523
0.00452
0.004518
0.004515
0.004514
0.004513
0.004512
0.004506
0.004501
0.004501
0.0045
0.004499
0.004493
0.00449
0.004487
0.004482
0.00448
0.004479
0.004478
0.004478
0.004476
0.004474
0.004471
0.004471
0.004466
0.004458
0.004448
0.004438
0.004438
0.004437
0.004437
0.004436
0.004432
0.004432
0.00443
0.004427
0.004426
0.004425
0.004421
0.004421
0.004421
0.004417
0.004416
0.004412
0.00441
0.004409
0.004408
0.004406
0.004402
0.004402
0.004398
0.004396
0.004396
0.004395
0.004394
0.004392
0.004388
0.004387
0.004386
0.004385
0.004379
0.004376
0.004376
0.004373
0.00437
0.004369
0.004368
0.004367
0.004362
0.004361
0.004359
0.004359
0.004358
0.004353
0.004349
0.004347
0.004342
0.00434
0.00434
0.004338
0.004336
0.004335
0.004333
0.00433
0.004328
0.004328
0.004324
0.004322
0.004322
0.004322
0.004321
0.004318
0.004317
0.004314
0.004314
0.004309
0.004306
0.004303
0.004298
0.004293
0.004291
0.004289
0.004285
0.004284
0.004283
0.004281
0.004281
0.004279
0.004278
0.004275
0.004271
0.004271
0.004271
0.004262
0.004261
0.004259
0.004257
0.004256
0.004254
0.004252
0.004248
0.004247
0.004246
0.004246
0.004243
0.00424
0.004239
0.004239
0.004238
0.004235
0.004235
0.004231
0.004227
0.004223
0.004223
0.004222
0.004221
0.004221
0.004219
0.004217
0.004217
0.004217
0.004215
0.004213
0.004212
0.004212
0.004212
0.004211
0.004208
0.004207
0.0042
0.0042
0.004199
0.004198
0.004196
0.004195
0.004192
0.004188
0.004186
0.004185
0.004184
0.004182
0.004177
0.004173
0.004171
0.004169
0.004168
0.004167
0.004164
0.004161
0.00416
0.004159
0.004157
0.004154
0.004151
0.00415
0.00415
0.004147
0.004147
0.004144
0.004143
0.004142
0.004139
0.004134
0.004131
0.004128
0.004126
0.004125
0.004125
0.004122
0.00412
0.00412
0.004115
0.00411
0.004107
0.0041
0.004099
0.004098
0.004093
0.004093
0.004089
0.004087
0.004086
0.004086
0.004085
0.004085
0.004082
0.004082
0.004076
0.004076
0.004071
0.004069
0.004068
0.004062
0.004062
0.00406
0.004059
0.004057
0.004055
0.004054
0.004053
0.004052
0.004051
0.004049
0.004048
0.004047
0.00404
0.004038
0.004037
0.004036
0.004034
0.004032
0.00403
0.004025
0.004025
0.004024
0.004021
0.00402
0.004019
0.004019
0.004018
0.004015
0.004013
0.004012
0.004008
0.004006
0.004001
0.003999
0.003996
0.003991
0.003989
0.003984
0.003982
0.003979
0.003978
0.003977
0.003977
0.003975
0.003973
0.003973
0.003971
0.003968
0.003966
0.003965
0.003965
0.003963
0.003959
0.003957
0.003956
0.003954
0.003952
0.003952
0.003951
0.003949
0.003948
0.003948
0.003945
0.003944
0.003943
0.003939
0.003938
0.003933
0.003925
0.003918
0.003916
0.003915
0.003915
0.003914
0.003913
0.003913
0.003912
0.003909
0.003908
0.003908
0.003908
0.003907
0.003906
0.003905
0.003904
0.003901
0.003901
0.0039
0.003899
0.003898
0.003893
0.003893
0.003886
0.003886
0.003883
0.003879
0.003878
0.003878
0.003876
0.003871
0.00387
0.003867
0.003863
0.003863
0.003863
0.003862
0.003862
0.003858
0.003856
0.003856
0.003855
0.003854
0.003854
0.003853
0.003849
0.003848
0.003845
0.003845
0.003843
0.003842
0.003842
0.003842
0.003841
0.003839
0.003839
0.003837
0.003836
0.003835
0.003835
0.003832
0.003826
0.003824
0.003823
0.003822
0.003822
0.00382
0.003818
0.003816
0.003815
0.003812
0.00381
0.003809
0.003809
0.003805
0.003804
0.003802
0.003802
0.0038
0.003799
0.003798
0.003797
0.003797
0.003794
0.003789
0.003783
0.003783
0.003783
0.003782
0.003776
0.003775
0.003773
0.003771
0.00377
0.00377
0.003769
0.003768
0.003765
0.003763
0.003763
0.003762
0.003759
0.003757
0.003756
0.003755
0.003755
0.003755
0.003754
0.003753
0.003752
0.00375
0.003748
0.003748
0.003748
0.003746
0.003745
0.003744
0.003742
0.003742
0.003741
0.003741
0.003737
0.003736
0.003733
0.003733
0.003732
0.00373
0.003726
0.003725
0.003725
0.003723
0.003722
0.003722
0.00372
0.003719
0.003718
0.003717
0.003713
0.003712
0.003708
0.003708
0.003707
0.003705
0.003703
0.003698
0.003697
0.003695
0.003693
0.003689
0.003688
0.003687
0.003686
0.003686
0.003685
0.003685
0.003683
0.003679
0.003677
0.003676
0.003675
0.003675
0.003675
0.003674
0.003671
0.003667
0.003667
0.003666
0.003665
0.003662
0.003658
0.003657
0.003656
0.003653
0.003651
0.00365
0.003648
0.003648
0.003647
0.003646
0.003646
0.003645
0.003645
0.003645
0.003644
0.003644
0.003643
0.003642
0.003641
0.003637
0.003636
0.003635
0.003634
0.003631
0.003631
0.003629
0.003628
0.003626
0.003621
0.00362
0.00362
0.00362
0.003619
0.003618
0.003617
0.003617
0.003616
0.003616
0.003614
0.003611
0.003609
0.003607
0.003607
0.003606
0.003604
0.003602
0.003602
0.003602
0.0036
0.0036
0.003596
0.003596
0.003596
0.003595
0.003594
0.003594
0.003594
0.00359
0.003589
0.003587
0.003587
0.003587
0.003586
0.003584
0.003581
0.003579
0.003579
0.003578
0.003577
0.003577
0.003577
0.003577
0.003576
0.003576
0.003575
0.003572
0.00357
0.00357
0.00357
0.00357
0.00357
0.00357
0.003569
0.003568
0.003567
0.003567
0.003562
0.003559
0.003555
0.003553
0.003551
0.003551
0.003549
0.003549
0.003547
0.003545
0.003544
0.003542
0.003541
0.003539
0.003536
0.003536
0.003533
0.003529
0.003529
0.003527
0.003527
0.003526
0.003522
0.003522
0.003521
0.00352
0.003519
0.003519
0.003517
0.003516
0.003514
0.003512
0.003512
0.003511
0.00351
0.00351
0.003507
0.003506
0.003505
0.003499
0.003498
0.003496
0.003496
0.003495
0.003492
0.003488
0.003487
0.003486
0.003486
0.003486
0.003483
0.003482
0.003482
0.003482
0.003481
0.00348
0.00348
0.003479
0.003478
0.003478
0.003477
0.003476
0.003475
0.003474
0.003474
0.003469
0.003468
0.003468
0.003468
0.003468
0.003468
0.003468
0.003466
0.003465
0.003465
0.003462
0.003462
0.003458
0.003458
0.003457
0.003457
0.003455
0.003454
0.003454
0.003453
0.003452
0.00345
0.003449
0.003446
0.003444
0.003443
0.003441
0.00344
0.003437
0.003436
0.003436
0.003436
0.003436
0.003436
0.003435
0.003434
0.003433
0.003429
0.003429
0.003428
0.003427
0.003427
0.003427
0.003424
0.003423
0.003423
0.003422
0.003419
0.003417
0.003416
0.003415
0.003414
0.003414
0.003411
0.003411
0.00341
0.00341
0.003409
0.003409
0.003409
0.003408
0.003407
0.003407
0.003406
0.003404
0.003402
0.003402
0.0034
0.0034
0.003398
0.003397
0.003397
0.003396
0.003394
0.003391
0.00339
0.003389
0.003387
0.003387
0.003386
0.00338
0.00338
0.00338
0.00338
0.003377
0.003376
0.003376
0.003372
0.00337
0.003369
0.003368
0.003368
0.003366
0.003365
0.003365
0.003362
0.00336
0.00336
0.003359
0.003359
0.003358
0.003357
0.003355
0.003354
0.003352
0.003349
0.003346
0.003345
0.003344
0.003343
0.003342
0.003341
0.003341
0.003341
0.003341
0.003339
0.003339
0.003336
0.003335
0.003335
0.003335
0.003334
0.003331
0.003328
0.003328
0.003328
0.003326
0.003325
0.003325
0.003325
0.003324
0.003324
0.003324
0.003323
0.003323
0.003321
0.00332
0.003319
0.003319
0.003319
0.003319
0.003317
0.003316
0.003314
0.003314
0.003314
0.003314
0.003314
0.003313
0.003313
0.003313
0.003309
0.003308
0.003308
0.003305
0.003304
0.003302
0.003301
0.003299
0.003298
0.003297
0.003296
0.003296
0.003296
0.003294
0.003291
0.00329
0.003288
0.003288
0.003286
0.003285
0.003284
0.003284
0.003284
0.00328
0.003277
0.003276
0.003276
0.003274
0.003273
0.003272
0.003272
0.003267
0.003265
0.003265
0.003264
0.003261
0.003261
0.003261
0.00326
0.003259
0.003257
0.003256
0.003256
0.003252
0.00325
0.003249
0.003249
0.003247
0.003244
0.003243
0.00324
0.003239
0.003237
0.003236
0.003234
0.003232
0.00323
0.003228
0.003228
0.003227
0.003225
0.003224
0.003223
0.003223
0.00322
0.003219
0.003218
0.003215
0.003214
0.003212
0.00321
0.00321
0.003208
0.003206
0.003206
0.003205
0.003205
0.003204
0.003203
0.0032
0.003196
0.003196
0.003196
0.003196
0.003194
0.003193
0.003193
0.003193
0.003192
0.003192
0.00319
0.003184
0.003182
0.003182
0.003181
0.003179
0.003178
0.003177
0.003175
0.003172
0.003172
0.003169
0.003168
0.003168
0.003165
0.003165
0.003164
0.003164
0.003162
0.003161
0.003158
0.003158
0.003158
0.003158
0.003156
0.003156
0.003156
0.003155
0.003154
0.003153
0.003151
0.003151
0.003151
0.00315
0.003148
0.003148
0.003148
0.003148
0.003147
0.003146
0.003146
0.003143
0.003143
0.003143
0.003142
0.003139
0.003139
0.003136
0.003136
0.003134
0.003133
0.003132
0.003129
0.003128
0.003127
0.003127
0.003127
0.003126
0.003126
0.003125
0.003125
0.003124
0.003124
0.003122
0.003118
0.003118
0.003118
0.003116
0.003113
0.003112
0.003112
0.003109
0.003108
0.003108
0.003107
0.003106
0.003105
0.003102
0.003101
0.0031
0.003099
0.003099
0.003099
0.003098
0.003097
0.003095
0.003094
0.003094
0.003093
0.003093
0.003092
0.003091
0.003088
0.003086
0.003085
0.003083
0.00308
0.003079
0.003078
0.003075
0.003074
0.003074
0.003071
0.003071
0.00307
0.00307
0.003068
0.003068
0.003068
0.003068
0.003067
0.003064
0.003063
0.003061
0.00306
0.003059
0.003058
0.003058
0.003053
0.003051
0.003049
0.003049
0.003047
0.003046
0.003046
0.003046
0.003044
0.003044
0.003044
0.003043
0.003042
0.003041
0.003041
0.003041
0.00304
0.00304
0.003038
0.003034
0.003033
0.003033
0.003032
0.003032
0.003032
0.00303
0.003027
0.003025
0.003024
0.003023
0.003023
0.003021
0.003019
0.003018
0.003013
0.003012
0.003012
0.003012
0.003011
0.003011
0.00301
0.003009
0.003006
0.003005
0.003005
0.003005
0.003004
0.003001
0.003001
0.003001
0.0030
0.0030
0.002999
0.002999
0.002998
0.002998
0.002997
0.002996
0.002995
0.002993
0.002993
0.002992
0.002992
0.002992
0.002991
0.002988
0.002988
0.002987
0.002986
0.002984
0.002983
0.002982
0.002981
0.002979
0.002979
0.002978
0.002976
0.002976
0.002976
0.002974
0.002973
0.002972
0.002971
0.002971
0.002971
0.002971
0.002971
0.00297
0.00297
0.002969
0.002968
0.002967
0.002967
0.002964
0.002964
0.002964
0.002963
0.002962
0.002959
0.002958
0.002958
0.002958
0.002957
0.002956
0.002956
0.002956
0.002953
0.002953
0.002952
0.002952
0.002951
0.002951
0.00295
0.00295
0.00295
0.002948
0.002946
0.002943
0.002942
0.002941
0.002941
0.00294
0.002939
0.002939
0.002938
0.002938
0.002937
0.002936
0.002936
0.002934
0.002932
0.002932
0.002932
0.002932
0.002932
0.00293
0.002929
0.002927
0.002926
0.002924
0.002924
0.002924
0.002923
0.002921
0.00292
0.002914
0.00291
0.00291
0.002908
0.002908
0.002906
0.002906
0.002903
0.002902
0.002902
0.002901
0.002901
0.0029
0.002899
0.002899
0.002897
0.002897
0.002896
0.002894
0.002894
0.002892
0.00289
0.00289
0.002888
0.002888
0.002885
0.002884
0.002884
0.002882
0.002876
0.002876
0.002875
0.002874
0.002874
0.002873
0.002871
0.002868
0.002867
0.002867
0.002867
0.002866
0.002866
0.002865
0.002865
0.002864
0.002861
0.00286
0.002859
0.002858
0.002858
0.002858
0.002857
0.002856
0.002855
0.002853
0.002852
0.002852
0.00285
0.002849
0.002847
0.002845
0.002845
0.002842
0.002841
0.002839
0.002839
0.002837
0.002837
0.002837
0.002836
0.002836
0.002835
0.002834
0.002833
0.002833
0.002833
0.002832
0.002828
0.002826
0.002825
0.002824
0.002822
0.002818
0.002817
0.002817
0.002814
0.002813
0.002812
0.002811
0.002811
0.00281
0.002809
0.002809
0.002807
0.002806
0.002806
0.002803
0.002802
0.002799
0.002799
0.002797
0.002796
0.002796
0.002795
0.002792
0.002791
0.002791
0.002789
0.002789
0.002788
0.002787
0.002787
0.002783
0.002783
0.002782
0.002781
0.002778
0.002778
0.002775
0.002775
0.002774
0.002774
0.002772
0.00277
0.00277
0.002769
0.002769
0.002768
0.002768
0.002768
0.002766
0.002766
0.002766
0.002765
0.002763
0.002763
0.002762
0.002761
0.00276
0.002756
0.002756
0.002756
0.002755
0.002755
0.002753
0.002753
0.00275
0.00275
0.002749
0.002749
0.002749
0.002749
0.002747
0.002747
0.002745
0.002745
0.002743
0.002742
0.002742
0.002741
0.00274
0.002738
0.002737
0.002736
0.002734
0.002734
0.002733
0.002732
0.002732
0.002732
0.002731
0.002731
0.002731
0.002729
0.002729
0.002729
0.002727
0.002726
0.002723
0.002722
0.002722
0.002721
0.002721
0.002719
0.002719
0.002719
0.002717
0.002717
0.002716
0.002715
0.002715
0.002713
0.00271
0.002709
0.002709
0.002709
0.002708
0.002706
0.002706
0.002704
0.002704
0.002701
0.002701
0.0027
0.002697
0.002697
0.002696
0.002694
0.002694
0.002693
0.002691
0.00269
0.00269
0.00269
0.00269
0.002689
0.002689
0.002689
0.002689
0.002688
0.002688
0.002687
0.002686
0.002686
0.002685
0.002685
0.002684
0.002681
0.00268
0.002679
0.002679
0.002678
0.002678
0.002677
0.002677
0.002676
0.002676
0.002673
0.002672
0.002672
0.002672
0.002671
0.00267
0.002669
0.002667
0.002665
0.002665
0.002664
0.002663
0.002662
0.002661
0.00266
0.002659
0.002659
0.002658
0.002658
0.002656
0.002656
0.002656
0.002655
0.002654
0.002652
0.002652
0.00265
0.002649
0.002649
0.002649
0.002649
0.002648
0.002648
0.002648
0.002645
0.002644
0.002642
0.002641
0.00264
0.00264
0.002638
0.002637
0.002636
0.002636
0.002635
0.002635
0.002634
0.002634
0.002633
0.002632
0.002632
0.002631
0.00263
0.002629
0.002629
0.002629
0.002628
0.002625
0.002625
0.002625
0.002624
0.002622
0.002622
0.002621
0.002621
0.002621
0.002621
0.002621
0.002621
0.00262
0.002619
0.002619
0.002618
0.002617
0.002616
0.002616
0.002616
0.002614
0.002614
0.002613
0.002613
0.002612
0.002612
0.002611
0.002611
0.00261
0.002608
0.002608
0.002607
0.002607
0.002607
0.002605
0.002604
0.002604
0.002601
0.002599
0.002599
0.002596
0.002595
0.002595
0.002594
0.002593
0.002593
0.002593
0.002592
0.002591
0.002589
0.002588
0.002588
0.002588
0.002586
0.002582
0.002581
0.00258
0.00258
0.002576
0.002576
0.002576
0.002575
0.002575
0.002575
0.002575
0.002574
0.002574
0.002572
0.00257
0.002569
0.002567
0.002566
0.002566
0.002566
0.002565
0.002564
0.002564
0.002564
0.002563
0.002562
0.00256
0.00256
0.002559
0.002559
0.002559
0.002558
0.002557
0.002557
0.002556
0.002555
0.002555
0.002554
0.002554
0.002553
0.002552
0.00255
0.002549
0.002549
0.002548
0.002548
0.002548
0.002548
0.002546
0.002546
0.002546
0.002546
0.002545
0.002544
0.002543
0.002541
0.00254
0.002539
0.002537
0.002536
0.002534
0.002533
0.002532
0.002532
0.002531
0.002529
0.002529
0.002528
0.002527
0.002527
0.002526
0.002525
0.002525
0.002525
0.002525
0.002524
0.002523
0.002523
0.002523
0.002523
0.002523
0.002522
0.002522
0.00252
0.002519
0.002517
0.002516
0.002515
0.002513
0.002512
0.002512
0.002512
0.002512
0.002511
0.002511
0.002511
0.00251
0.00251
0.00251
0.002509
0.002508
0.002508
0.002505
0.002502
0.002501
0.0025
0.0025
0.002499
0.002498
0.002496
0.002496
0.002495
0.002495
0.002495
0.002495
0.002494
0.002494
0.002493
0.002493
0.002491
0.002489
0.002488
0.002486
0.002486
0.002486
0.002485
0.002485
0.002484
0.002483
0.002482
0.00248
0.00248
0.002477
0.002477
0.002477
0.002476
0.002476
0.002475
0.002475
0.002474
0.002474
0.002472
0.002471
0.00247
0.00247
0.002469
0.002467
0.002467
0.002466
0.002464
0.002464
0.002463
0.002463
0.002462
0.002462
0.002461
0.00246
0.00246
0.00246
0.002459
0.002458
0.002457
0.002457
0.002457
0.002457
0.002454
0.002453
0.002453
0.00245
0.002449
0.002448
0.002448
0.002447
0.002447
0.002447
0.002447
0.002447
0.002447
0.002445
0.002444
0.002443
0.002441
0.002441
0.00244
0.002439
0.002439
0.002439
0.002439
0.002437
0.002437
0.002437
0.002437
0.002434
0.002432
0.002431
0.00243
0.002428
0.002428
0.002427
0.002427
0.002427
0.002426
0.002426
0.002426
0.002426
0.002426
0.002424
0.002424
0.002421
0.00242
0.00242
0.00242
0.00242
0.00242
0.002419
0.002417
0.002417
0.002416
0.002412
0.002411
0.002411
0.00241
0.002409
0.002409
0.002408
0.002407
0.002407
0.002406
0.002406
0.002406
0.002404
0.002403
0.002403
0.002402
0.002401
0.0024
0.0024
0.0024
0.002397
0.002396
0.002395
0.002393
0.002392
0.002391
0.00239
0.002389
0.002388
0.002388
0.002387
0.002386
0.002385
0.002385
0.002385
0.002384
0.002384
0.002384
0.002383
0.002382
0.002381
0.00238
0.00238
0.002379
0.002379
0.002377
0.002376
0.002375
0.002374
0.002374
0.002373
0.002372
0.002371
0.002371
0.002369
0.002367
0.002367
0.002366
0.002365
0.002363
0.002362
0.002361
0.00236
0.00236
0.002357
0.002356
0.002356
0.002354
0.002352
0.002351
0.00235
0.002349
0.002349
0.002348
0.002348
0.002348
0.002347
0.002346
0.002346
0.002346
0.002346
0.002345
0.002345
0.002344
0.002343
0.002343
0.002343
0.002343
0.002341
0.00234
0.00234
0.002339
0.002338
0.002338
0.002338
0.002337
0.002337
0.002337
0.002337
0.002335
0.002335
0.002334
0.002334
0.002334
0.002334
0.002334
0.002333
0.002333
0.002332
0.002331
0.002331
0.002331
0.00233
0.002329
0.002329
0.002329
0.002329
0.002329
0.002328
0.002326
0.002326
0.002326
0.002325
0.002325
0.002325
0.002325
0.002324
0.002323
0.002323
0.002323
0.002322
0.002321
0.002321
0.002321
0.00232
0.002319
0.002319
0.002319
0.002318
0.002318
0.002318
0.002317
0.002316
0.002316
0.002314
0.002314
0.002314
0.002313
0.002311
0.002311
0.002311
0.002309
0.002309
0.002309
0.002308
0.002307
0.002306
0.002305
0.002303
0.002303
0.002303
0.002302
0.002302
0.002302
0.002301
0.002301
0.0023
0.0023
0.0023
0.002299
0.002298
0.002297
0.002296
0.002296
0.002296
0.002296
0.002296
0.002295
0.002295
0.002295
0.002295
0.002294
0.002293
0.002293
0.002292
0.002291
0.002291
0.00229
0.00229
0.002288
0.002287
0.002286
0.002286
0.002286
0.002285
0.002284
0.002282
0.002282
0.002282
0.002282
0.002281
0.00228
0.002279
0.002278
0.002278
0.002278
0.002277
0.002276
0.002275
0.002275
0.002272
0.002271
0.002271
0.00227
0.00227
0.002268
0.002266
0.002266
0.002265
0.002264
0.002264
0.002264
0.002264
0.002264
0.002263
0.002263
0.002261
0.00226
0.00226
0.002258
0.002258
0.002258
0.002258
0.002257
0.002256
0.002256
0.002256
0.002255
0.002255
0.002255
0.002255
0.002255
0.002254
0.002254
0.002252
0.002252
0.002251
0.00225
0.002249
0.002248
0.002248
0.002247
0.002247
0.002247
0.002246
0.002246
0.002246
0.002245
0.002244
0.002244
0.002243
0.002242
0.002242
0.002241
0.00224
0.00224
0.00224
0.002239
0.002239
0.002239
0.002238
0.002238
0.002237
0.002235
0.002235
0.002234
0.002234
0.002234
0.002234
0.002234
0.002233
0.002232
0.002232
0.002231
0.002231
0.00223
0.00223
0.002229
0.002229
0.002229
0.002228
0.002227
0.002226
0.002225
0.002225
0.002224
0.002224
0.002224
0.002224
0.002224
0.002223
0.002223
0.002222
0.002221
0.00222
0.00222
0.00222
0.002219
0.002219
0.002219
0.002217
0.002217
0.002217
0.002217
0.002216
0.002216
0.002216
0.002215
0.002215
0.002215
0.002215
0.002215
0.002214
0.002214
0.002213
0.002213
0.002213
0.002212
0.002212
0.002212
0.002211
0.002211
0.00221
0.00221
0.002209
0.002209
0.002207
0.002206
0.002204
0.002204
0.002204
0.002204
0.002203
0.002203
0.002202
0.002201
0.002201
0.002201
0.0022
0.0022
0.002199
0.002199
0.002198
0.002198
0.002198
0.002197
0.002196
0.002196
0.002196
0.002196
0.002195
0.002195
0.002195
0.002195
0.002195
0.002195
0.002194
0.002194
0.002192
0.002191
0.00219
0.00219
0.002189
0.002189
0.002189
0.002189
0.002188
0.002187
0.002186
0.002186
0.002185
0.002183
0.002183
0.002182
0.00218
0.00218
0.002179
0.002179
0.002178
0.002177
0.002176
0.002174
0.002173
0.002173
0.002172
0.002172
0.002172
0.002172
0.002171
0.002171
0.00217
0.002168
0.002168
0.002166
0.002166
0.002166
0.002163
0.002163
0.002162
0.002162
0.002161
0.002161
0.002161
0.002159
0.002159
0.002159
0.002156
0.002155
0.002155
0.002155
0.002154
0.002153
0.002152
0.002152
0.002151
0.002151
0.00215
0.00215
0.002146
0.002146
0.002145
0.002144
0.002144
0.002144
0.002144
0.002144
0.002143
0.002142
0.002141
0.002141
0.00214
0.002139
0.002138
0.002138
0.002137
0.002137
0.002134
0.002133
0.002132
0.002132
0.002132
0.002132
0.002131
0.002131
0.002131
0.002131
0.002128
0.002128
0.002127
0.002127
0.002126
0.002125
0.002125
0.002124
0.002124
0.002124
0.002124
0.002123
0.002123
0.002123
0.002121
0.00212
0.002119
0.002118
0.002118
0.002117
0.002117
0.002117
0.002116
0.002114
0.002114
0.002113
0.002111
0.00211
0.002109
0.002108
0.002108
0.002107
0.002107
0.002107
0.002106
0.002105
0.002104
0.002104
0.002104
0.002104
0.002104
0.002103
0.002102
0.002101
0.002101
0.0021
0.002099
0.002098
0.002098
0.002097
0.002096
0.002096
0.002095
0.002093
0.002093
0.002091
0.002091
0.00209
0.00209
0.002089
0.002088
0.002087
0.002087
0.002085
0.002083
0.002083
0.002083
0.002082
0.002082
0.00208
0.002077
0.002075
0.002074
0.002074
0.002074
0.002073
0.002073
0.002072
0.002071
0.002071
0.00207
0.00207
0.002067
0.002066
0.002065
0.002065
0.002064
0.002064
0.002064
0.002063
0.002063
0.002063
0.002063
0.002062
0.002061
0.002061
0.00206
0.00206
0.00206
0.002059
0.002059
0.002059
0.002058
0.002058
0.002058
0.002058
0.002057
0.002055
0.002055
0.002055
0.002054
0.002054
0.002054
0.002054
0.002053
0.002052
0.002052
0.002052
0.002051
0.002051
0.002051
0.00205
0.00205
0.00205
0.00205
0.002049
0.002049
0.002049
0.002048
0.002048
0.002048
0.002046
0.002045
0.002044
0.002043
0.002043
0.002042
0.002042
0.002042
0.002042
0.002041
0.002041
0.002041
0.002041
0.00204
0.00204
0.002039
0.002038
0.002038
0.002037
0.002037
0.002037
0.002036
0.002036
0.002036
0.002035
0.002033
0.002033
0.002033
0.002033
0.002031
0.002031
0.002029
0.002028
0.002027
0.002027
0.002027
0.002027
0.002026
0.002026
0.002025
0.002025
0.002024
0.002023
0.002023
0.002023
0.002023
0.002022
0.002021
0.00202
0.00202
0.00202
0.00202
0.002019
0.002019
0.002019
0.002018
0.002018
0.002018
0.002017
0.002016
0.002015
0.002014
0.002013
0.002013
0.002013
0.002013
0.002013
0.002011
0.002011
0.002011
0.00201
0.002009
0.002009
0.002008
0.002008
0.002006
0.002006
0.002005
0.002004
0.002004
0.002002
0.002001
0.002001
0.002001
0.002001
0.002001
0.0020
0.0020
0.0020
0.001998
0.001998
0.001998
0.001997
0.001996
0.001995
0.001995
0.001994
0.001993
0.001992
0.00199
0.00199
0.00199
0.001989
0.001989
0.001988
0.001988
0.001988
0.001987
0.001986
0.001985
0.001984
0.001983
0.001982
0.001981
0.001981
0.001981
0.001981
0.001981
0.00198
0.00198
0.001978
0.001978
0.001976
0.001974
0.001974
0.001972
0.001972
0.00197
0.00197
0.001969
0.001969
0.001968
0.001968
0.001968
0.001966
0.001966
0.001965
0.001964
0.001964
0.001963
0.001963
0.001963
0.001962
0.001958
0.001958
0.001958
0.001958
0.001957
0.001957
0.001956
0.001956
0.001956
0.001956
0.001955
0.001954
0.001954
0.001954
0.001953
0.001952
0.001951
0.001951
0.00195
0.001949
0.001949
0.001948
0.001945
0.001944
0.001944
0.001942
0.001942
0.001941
0.001941
0.001939
0.001939
0.001938
0.001935
0.001934
0.001933
0.00193
0.00193
0.001929
0.001929
0.001928
0.001927
0.001927
0.001925
0.001925
0.001925
0.001924
0.001924
0.001923
0.001923
0.001923
0.001923
0.001923
0.001922
0.001922
0.001922
0.001921
0.001921
0.001919
0.001918
0.001917
0.001917
0.001917
0.001916
0.001915
0.001913
0.001913
0.001913
0.001912
0.001911
0.001911
0.001911
0.001911
0.001909
0.001909
0.001909
0.001908
0.001907
0.001906
0.001905
0.001905
0.001905
0.001903
0.001903
0.001903
0.001903
0.001902
0.001901
0.001901
0.0019
0.001899
0.001899
0.001899
0.001898
0.001897
0.001897
0.001897
0.001896
0.001895
0.001895
0.001894
0.001893
0.001892
0.001892
0.001892
0.001891
0.001891
0.00189
0.001889
0.001889
0.001888
0.001888
0.001887
0.001887
0.001887
0.001887
0.001886
0.001885
0.001885
0.001885
0.001885
0.001884
0.001884
0.001884
0.001883
0.001882
0.001881
0.001881
0.001881
0.001881
0.00188
0.00188
0.00188
0.00188
0.001879
0.001879
0.001879
0.001879
0.001878
0.001878
0.001878
0.001878
0.001877
0.001876
0.001876
0.001875
0.001874
0.001874
0.001874
0.001873
0.001873
0.001873
0.001873
0.001872
0.001872
0.001872
0.001871
0.001871
0.00187
0.001869
0.001869
0.001869
0.001868
0.001868
0.001868
0.001868
0.001867
0.001867
0.001867
0.001866
0.001865
0.001865
0.001865
0.001865
0.001864
0.001863
0.001863
0.001862
0.001862
0.001861
0.001861
0.00186
0.00186
0.00186
0.00186
0.001859
0.001859
0.001858
0.001858
0.001857
0.001857
0.001857
0.001856
0.001856
0.001855
0.001855
0.001853
0.001852
0.001852
0.001851
0.001851
0.00185
0.001849
0.001849
0.001848
0.001848
0.001848
0.001847
0.001847
0.001847
0.001847
0.001847
0.001847
0.001846
0.001844
0.001843
0.001843
0.001842
0.001842
0.001841
0.001841
0.00184
0.00184
0.001839
0.001839
0.001838
0.001838
0.001838
0.001837
0.001837
0.001836
0.001836
0.001836
0.001835
0.001835
0.001834
0.001834
0.001833
0.001832
0.001832
0.001832
0.001831
0.00183
0.00183
0.00183
0.00183
0.001829
0.001829
0.001829
0.001829
0.001828
0.001828
0.001827
0.001827
0.001827
0.001827
0.001825
0.001825
0.001824
0.001824
0.001824
0.001823
0.001822
0.001822
0.001822
0.001821
0.001821
0.001821
0.001819
0.001819
0.001819
0.001818
0.001818
0.001818
0.001817
0.001817
0.001816
0.001815
0.001815
0.001815
0.001814
0.001814
0.001811
0.001811
0.00181
0.00181
0.00181
0.001809
0.001809
0.001809
0.001809
0.001809
0.001807
0.001807
0.001807
0.001807
0.001806
0.001806
0.001803
0.001803
0.001802
0.001802
0.001801
0.001801
0.0018
0.001798
0.001798
0.001797
0.001796
0.001796
0.001796
0.001796
0.001795
0.001794
0.001794
0.001793
0.001792
0.001791
0.001791
0.001791
0.001791
0.001791
0.00179
0.00179
0.001789
0.001789
0.001789
0.001789
0.001787
0.001787
0.001784
0.001784
0.001783
0.001782
0.001781
0.00178
0.001779
0.001778
0.001777
0.001777
0.001776
0.001775
0.001774
0.001774
0.001774
0.001773
0.001772
0.001771
0.00177
0.00177
0.00177
0.00177
0.00177
0.00177
0.001769
0.001769
0.001769
0.001768
0.001768
0.001768
0.001768
0.001767
0.001767
0.001766
0.001765
0.001765
0.001765
0.001765
0.001765
0.001765
0.001763
0.001763
0.001763
0.001763
0.001762
0.001761
0.001761
0.001761
0.001759
0.001759
0.001758
0.001758
0.001757
0.001757
0.001756
0.001756
0.001756
0.001756
0.001755
0.001755
0.001754
0.001754
0.001754
0.001754
0.001753
0.001752
0.001752
0.001752
0.001751
0.001751
0.001751
0.00175
0.00175
0.001748
0.001748
0.001747
0.001746
0.001746
0.001745
0.001745
0.001745
0.001745
0.001744
0.001744
0.001743
0.001743
0.001743
0.001742
0.001742
0.001742
0.001742
0.001741
0.001741
0.00174
0.001738
0.001738
0.001738
0.001738
0.001738
0.001737
0.001737
0.001736
0.001736
0.001736
0.001736
0.001734
0.001734
0.001734
0.001733
0.001732
0.001732
0.001732
0.001731
0.001731
0.00173
0.00173
0.001729
0.001728
0.001728
0.001727
0.001727
0.001727
0.001726
0.001726
0.001725
0.001724
0.001724
0.001724
0.001724
0.001724
0.001723
0.001722
0.001721
0.001721
0.001721
0.001721
0.001721
0.001719
0.001718
0.001718
0.001717
0.001715
0.001715
0.001714
0.001714
0.001714
0.001714
0.001714
0.001714
0.001713
0.001713
0.001713
0.001713
0.001712
0.001712
0.001712
0.001712
0.001711
0.001711
0.001711
0.001711
0.00171
0.001709
0.001709
0.001709
0.001709
0.001709
0.001709
0.001708
0.001707
0.001706
0.001706
0.001706
0.001705
0.001704
0.001702
0.001702
0.001702
0.001701
0.001701
0.001701
0.0017
0.0017
0.0017
0.001699
0.001698
0.001697
0.001696
0.001696
0.001696
0.001696
0.001696
0.001694
0.001694
0.001693
0.001693
0.001692
0.001692
0.001692
0.001692
0.001691
0.00169
0.00169
0.001688
0.001687
0.001687
0.001686
0.001686
0.001686
0.001686
0.001685
0.001684
0.001683
0.001683
0.001683
0.001682
0.001682
0.001681
0.001681
0.001681
0.001681
0.00168
0.00168
0.001679
0.001677
0.001676
0.001675
0.001675
0.001675
0.001675
0.001674
0.001674
0.001673
0.001672
0.001671
0.001671
0.00167
0.00167
0.00167
0.00167
0.001669
0.001669
0.001667
0.001667
0.001667
0.001666
0.001666
0.001665
0.001665
0.001664
0.001662
0.001662
0.00166
0.00166
0.00166
0.00166
0.001659
0.001658
0.001658
0.001658
0.001656
0.001655
0.001655
0.001654
0.001654
0.001653
0.001653
0.001652
0.001652
0.001652
0.001652
0.001651
0.001651
0.00165
0.001648
0.001648
0.001647
0.001646
0.001646
0.001646
0.001645
0.001644
0.001644
0.001644
0.001644
0.001643
0.001643
0.001642
0.001642
0.001642
0.001641
0.00164
0.00164
0.001639
0.001639
0.001638
0.001638
0.001638
0.001638
0.001637
0.001637
0.001637
0.001636
0.001635
0.001634
0.001634
0.001634
0.001633
0.001632
0.001632
0.001631
0.001631
0.001631
0.00163
0.00163
0.00163
0.00163
0.00163
0.00163
0.001629
0.001629
0.001629
0.001628
0.001628
0.001627
0.001627
0.001627
0.001627
0.001626
0.001626
0.001625
0.001625
0.001623
0.001623
0.001621
0.001621
0.00162
0.00162
0.001619
0.001618
0.001617
0.001617
0.001617
0.001616
0.001616
0.001616
0.001614
0.001614
0.001613
0.001613
0.001612
0.001612
0.001611
0.00161
0.00161
0.001609
0.001608
0.001608
0.001607
0.001607
0.001607
0.001607
0.001606
0.001605
0.001605
0.001605
0.001604
0.001603
0.001603
0.001603
0.001602
0.001602
0.001602
0.001602
0.001602
0.001601
0.001601
0.001601
0.0016
0.0016
0.001599
0.001599
0.001598
0.001598
0.001597
0.001596
0.001596
0.001595
0.001595
0.001595
0.001594
0.001594
0.001594
0.001593
0.001593
0.001592
0.001592
0.001592
0.001591
0.001591
0.001589
0.001589
0.001588
0.001588
0.001588
0.001586
0.001586
0.001586
0.001586
0.001585
0.001585
0.001584
0.001584
0.001583
0.001583
0.001583
0.001583
0.001582
0.001582
0.001581
0.001581
0.001579
0.001578
0.001577
0.001577
0.001577
0.001577
0.001576
0.001576
0.001576
0.001575
0.001575
0.001575
0.001574
0.001573
0.001573
0.001573
0.001571
0.001571
0.001569
0.001569
0.001569
0.001569
0.001568
0.001568
0.001568
0.001568
0.001567
0.001567
0.001566
0.001566
0.001566
0.001565
0.001564
0.001564
0.001564
0.001564
0.001563
0.001562
0.00156
0.001559
0.001558
0.001558
0.001557
0.001557
0.001556
0.001556
0.001555
0.001555
0.001555
0.001555
0.001555
0.001555
0.001554
0.001554
0.001553
0.001553
0.001552
0.001551
0.00155
0.00155
0.00155
0.00155
0.001549
0.001549
0.001545
0.001545
0.001545
0.001545
0.001545
0.001544
0.001544
0.001544
0.001543
0.001543
0.001543
0.001542
0.001541
0.001541
0.00154
0.00154
0.00154
0.001538
0.001538
0.001534
0.001534
0.001533
0.001533
0.001531
0.001531
0.001531
0.001531
0.001531
0.00153
0.00153
0.001528
0.001528
0.001528
0.001528
0.001526
0.001526
0.001526
0.001526
0.001525
0.001525
0.001525
0.001523
0.001522
0.001522
0.001522
0.001521
0.001521
0.001521
0.001521
0.00152
0.00152
0.001519
0.001519
0.001519
0.001519
0.001519
0.001517
0.001517
0.001517
0.001517
0.001517
0.001517
0.001515
0.001515
0.001515
0.001515
0.001515
0.001515
0.001515
0.001513
0.001513
0.001512
0.001512
0.001511
0.00151
0.00151
0.00151
0.001509
0.001509
0.001509
0.001508
0.001508
0.001508
0.001507
0.001507
0.001507
0.001506
0.001504
0.001504
0.001503
0.001502
0.001502
0.001501
0.001501
0.0015
0.0015
0.0015
0.001498
0.001498
0.001498
0.001497
0.001497
0.001497
0.001496
0.001496
0.001495
0.001495
0.001495
0.001495
0.001495
0.001494
0.001494
0.001494
0.001494
0.001494
0.001492
0.001492
0.001491
0.001491
0.00149
0.00149
0.001489
0.001488
0.001488
0.001487
0.001487
0.001487
0.001486
0.001486
0.001486
0.001486
0.001485
0.001485
0.001484
0.001484
0.001484
0.001484
0.001483
0.001483
0.001483
0.001482
0.001482
0.001482
0.001481
0.001481
0.00148
0.00148
0.00148
0.00148
0.001479
0.001478
0.001478
0.001478
0.001477
0.001477
0.001477
0.001476
0.001476
0.001476
0.001475
0.001475
0.001474
0.001474
0.001473
0.001473
0.001473
0.001472
0.001471
0.001471
0.001471
0.001471
0.00147
0.001469
0.001467
0.001466
0.001466
0.001466
0.001466
0.001466
0.001466
0.001465
0.001465
0.001465
0.001465
0.001465
0.001465
0.001463
0.001463
0.001463
0.001463
0.001463
0.001463
0.001463
0.001462
0.001461
0.001461
0.001461
0.00146
0.00146
0.00146
0.001458
0.001458
0.001457
0.001457
0.001457
0.001456
0.001456
0.001455
0.001455
0.001455
0.001455
0.001455
0.001454
0.001454
0.001454
0.001454
0.001454
0.001454
0.001454
0.001453
0.001453
0.001453
0.001453
0.001453
0.001452
0.001451
0.001451
0.00145
0.00145
0.001449
0.001449
0.001448
0.001448
0.001448
0.001448
0.001448
0.001448
0.001447
0.001447
0.001447
0.001446
0.001446
0.001445
0.001445
0.001445
0.001445
0.001445
0.001443
0.001442
0.001442
0.001442
0.001441
0.001441
0.00144
0.00144
0.00144
0.001439
0.001439
0.001437
0.001437
0.001437
0.001436
0.001435
0.001435
0.001435
0.001435
0.001435
0.001434
0.001433
0.001432
0.001432
0.001432
0.001431
0.00143
0.00143
0.00143
0.00143
0.001429
0.001429
0.001429
0.001429
0.001428
0.001428
0.001428
0.001427
0.001427
0.001427
0.001427
0.001426
0.001426
0.001426
0.001426
0.001426
0.001426
0.001426
0.001425
0.001425
0.001425
0.001424
0.001424
0.001423
0.001422
0.001422
0.001422
0.001422
0.001422
0.001421
0.00142
0.001419
0.001419
0.001417
0.001417
0.001417
0.001416
0.001416
0.001415
0.001415
0.001415
0.001414
0.001414
0.001414
0.001414
0.001414
0.001413
0.001412
0.001411
0.001411
0.001411
0.001411
0.001411
0.00141
0.001409
0.001409
0.001409
0.001409
0.001409
0.001409
0.001409
0.001408
0.001408
0.001408
0.001407
0.001407
0.001407
0.001407
0.001407
0.001407
0.001406
0.001406
0.001406
0.001406
0.001406
0.001406
0.001406
0.001405
0.001405
0.001405
0.001405
0.001404
0.001403
0.001403
0.001403
0.001402
0.001402
0.001402
0.001401
0.001401
0.001401
0.001401
0.001401
0.0014
0.0014
0.0014
0.0014
0.001399
0.001398
0.001398
0.001398
0.001398
0.001397
0.001397
0.001396
0.001396
0.001396
0.001396
0.001395
0.001395
0.001394
0.001394
0.001394
0.001393
0.001393
0.001393
0.001391
0.001391
0.001391
0.001391
0.00139
0.00139
0.001389
0.001389
0.001387
0.001387
0.001387
0.001386
0.001386
0.001386
0.001385
0.001384
0.001383
0.001383
0.001382
0.001381
0.001381
0.001381
0.001381
0.001381
0.00138
0.00138
0.001379
0.001378
0.001378
0.001378
0.001378
0.001377
0.001377
0.001377
0.001377
0.001376
0.001376
0.001376
0.001376
0.001376
0.001375
0.001374
0.001374
0.001373
0.001372
0.001372
0.001371
0.001371
0.001371
0.001371
0.00137
0.00137
0.00137
0.00137
0.00137
0.00137
0.001368
0.001367
0.001366
0.001366
0.001366
0.001364
0.001363
0.001363
0.001363
0.001363
0.001363
0.001363
0.001362
0.001362
0.001362
0.001362
0.00136
0.001359
0.001359
0.001359
0.001358
0.001357
0.001357
0.001357
0.001357
0.001357
0.001356
0.001356
0.001356
0.001355
0.001355
0.001355
0.001354
0.001353
0.001352
0.001351
0.001351
0.00135
0.00135
0.00135
0.00135
0.00135
0.001349
0.001349
0.001349
0.001349
0.001349
0.001348
0.001348
0.001348
0.001347
0.001347
0.001346
0.001346
0.001346
0.001346
0.001345
0.001344
0.001344
0.001344
0.001344
0.001343
0.001343
0.001343
0.001343
0.001343
0.001343
0.001342
0.001342
0.001342
0.001342
0.001342
0.001342
0.001341
0.00134
0.00134
0.001339
0.001339
0.001339
0.001339
0.001337
0.001337
0.001336
0.001336
0.001336
0.001336
0.001335
0.001335
0.001335
0.001333
0.001333
0.001333
0.001332
0.001332
0.001331
0.001331
0.001331
0.001331
0.001331
0.001331
0.001331
0.00133
0.00133
0.00133
0.001329
0.001328
0.001328
0.001328
0.001327
0.001325
0.001323
0.001323
0.001323
0.001323
0.001322
0.001321
0.001321
0.00132
0.00132
0.001319
0.001318
0.001318
0.001318
0.001318
0.001317
0.001317
0.001317
0.001317
0.001317
0.001316
0.001316
0.001316
0.001316
0.001316
0.001316
0.001316
0.001316
0.001315
0.001314
0.001314
0.001313
0.001313
0.001313
0.001313
0.001312
0.001312
0.001312
0.001312
0.001312
0.001311
0.00131
0.00131
0.001308
0.001308
0.001307
0.001307
0.001307
0.001306
0.001305
0.001305
0.001305
0.001304
0.001303
0.001303
0.001303
0.001303
0.001303
0.001302
0.001302
0.001302
0.001301
0.0013
0.0013
0.0013
0.001299
0.001299
0.001298
0.001298
0.001297
0.001297
0.001296
0.001296
0.001296
0.001296
0.001295
0.001295
0.001293
0.001293
0.001293
0.001292
0.001292
0.001292
0.001291
0.001291
0.001291
0.001289
0.001287
0.001287
0.001287
0.001286
0.001286
0.001286
0.001285
0.001283
0.001283
0.001283
0.001282
0.001282
0.001282
0.001282
0.001282
0.001281
0.00128
0.00128
0.00128
0.00128
0.001279
0.001277
0.001277
0.001277
0.001276
0.001274
0.001273
0.001273
0.001272
0.001272
0.001272
0.001272
0.001272
0.001271
0.001271
0.00127
0.00127
0.00127
0.00127
0.00127
0.001269
0.001269
0.001269
0.001269
0.001269
0.001268
0.001268
0.001267
0.001267
0.001267
0.001267
0.001266
0.001266
0.001266
0.001266
0.001265
0.001265
0.001265
0.001264
0.001263
0.001262
0.001262
0.001261
0.001261
0.001261
0.00126
0.00126
0.00126
0.00126
0.001259
0.001259
0.001259
0.001258
0.001258
0.001258
0.001256
0.001256
0.001256
0.001256
0.001255
0.001255
0.001254
0.001254
0.001254
0.001253
0.001253
0.001252
0.001251
0.001251
0.00125
0.001249
0.001249
0.001249
0.001248
0.001247
0.001247
0.001246
0.001246
0.001245
0.001245
0.001244
0.001244
0.001244
0.001244
0.001244
0.001244
0.001244
0.001243
0.001242
0.001242
0.001242
0.00124
0.00124
0.00124
0.00124
0.00124
0.001239
0.001238
0.001238
0.001237
0.001237
0.001237
0.001237
0.001237
0.001237
0.001236
0.001236
0.001236
0.001236
0.001236
0.001236
0.001235
0.001234
0.001234
0.001233
0.001232
0.001232
0.001232
0.001232
0.001232
0.001231
0.001231
0.00123
0.00123
0.00123
0.001229
0.001229
0.001227
0.001227
0.001227
0.001227
0.001227
0.001227
0.001227
0.001226
0.001226
0.001225
0.001225
0.001225
0.001225
0.001225
0.001224
0.001224
0.001224
0.001224
0.001223
0.001223
0.001223
0.001222
0.001222
0.001221
0.001221
0.001221
0.001221
0.00122
0.00122
0.00122
0.00122
0.00122
0.001219
0.001218
0.001218
0.001218
0.001217
0.001217
0.001217
0.001216
0.001216
0.001215
0.001215
0.001214
0.001214
0.001214
0.001214
0.001214
0.001213
0.001213
0.001213
0.001213
0.001212
0.001212
0.001212
0.001212
0.001211
0.001211
0.001211
0.001211
0.001209
0.001208
0.001208
0.001207
0.001207
0.001206
0.001206
0.001206
0.001206
0.001205
0.001204
0.001203
0.001203
0.001203
0.001201
0.001199
0.001198
0.001198
0.001198
0.001198
0.001198
0.001198
0.001197
0.001197
0.001195
0.001195
0.001194
0.001193
0.001193
0.001192
0.001191
0.001191
0.001191
0.001191
0.00119
0.00119
0.00119
0.00119
0.00119
0.00119
0.00119
0.001189
0.001188
0.001188
0.001188
0.001188
0.001186
0.001186
0.001186
0.001185
0.001184
0.001184
0.001183
0.001183
0.001183
0.001182
0.001182
0.001181
0.00118
0.001179
0.001179
0.001179
0.001179
0.001178
0.001178
0.001177
0.001177
0.001176
0.001176
0.001176
0.001176
0.001176
0.001175
0.001175
0.001175
0.001174
0.001174
0.001174
0.001174
0.001174
0.001174
0.001173
0.001172
0.001172
0.001172
0.001171
0.001171
0.001171
0.001171
0.001171
0.00117
0.001169
0.001168
0.001167
0.001167
0.001167
0.001167
0.001166
0.001165
0.001165
0.001164
0.001163
0.001163
0.001163
0.001163
0.001162
0.001162
0.001162
0.001162
0.001161
0.001161
0.001161
0.00116
0.00116
0.001159
0.001159
0.001159
0.001158
0.001158
0.001158
0.001157
0.001157
0.001157
0.001156
0.001156
0.001156
0.001156
0.001155
0.001155
0.001155
0.001154
0.001153
0.001153
0.001153
0.001153
0.001153
0.001152
0.001152
0.001152
0.001151
0.001151
0.001151
0.001151
0.00115
0.00115
0.00115
0.00115
0.001149
0.001149
0.001149
0.001148
0.001147
0.001147
0.001147
0.001146
0.001146
0.001146
0.001145
0.001145
0.001145
0.001145
0.001144
0.001144
0.001144
0.001143
0.001142
0.001142
0.001142
0.00114
0.00114
0.00114
0.00114
0.001139
0.001139
0.001139
0.001139
0.001138
0.001135
0.001135
0.001135
0.001135
0.001134
0.001134
0.001134
0.001134
0.001133
0.001132
0.001132
0.001132
0.001132
0.001132
0.001132
0.001132
0.001132
0.001132
0.001131
0.00113
0.00113
0.00113
0.00113
0.00113
0.001128
0.001128
0.001128
0.001127
0.001127
0.001127
0.001127
0.001126
0.001126
0.001125
0.001125
0.001125
0.001124
0.001124
0.001123
0.001123
0.001123
0.001122
0.001122
0.001122
0.001122
0.001122
0.001121
0.001121
0.001121
0.00112
0.00112
0.00112
0.001119
0.001118
0.001118
0.001118
0.001117
0.001116
0.001116
0.001116
0.001116
0.001116
0.001115
0.001114
0.001114
0.001114
0.001114
0.001114
0.001113
0.001113
0.001113
0.001112
0.001112
0.001112
0.001111
0.001111
0.001111
0.00111
0.00111
0.00111
0.001109
0.001109
0.001109
0.001109
0.001108
0.001108
0.001108
0.001108
0.001108
0.001108
0.001107
0.001107
0.001107
0.001107
0.001106
0.001106
0.001105
0.001105
0.001104
0.001104
0.001103
0.001103
0.001103
0.001102
0.001102
0.001102
0.001101
0.001101
0.001101
0.0011
0.0011
0.001099
0.001099
0.001099
0.001098
0.001097
0.001097
0.001096
0.001096
0.001096
0.001095
0.001095
0.001095
0.001095
0.001095
0.001094
0.001094
0.001093
0.001093
0.001093
0.001093
0.001092
0.001092
0.001091
0.001091
0.001091
0.001091
0.001091
0.001091
0.001091
0.001091
0.00109
0.00109
0.00109
0.00109
0.00109
0.001089
0.001089
0.001088
0.001088
0.001088
0.001088
0.001088
0.001087
0.001087
0.001087
0.001086
0.001086
0.001084
0.001083
0.001082
0.001082
0.001082
0.001082
0.001081
0.001081
0.001081
0.001081
0.00108
0.00108
0.00108
0.00108
0.001079
0.001079
0.001078
0.001078
0.001078
0.001078
0.001077
0.001077
0.001077
0.001077
0.001076
0.001076
0.001075
0.001075
0.001074
0.001074
0.001072
0.001072
0.001072
0.001071
0.001071
0.001071
0.001071
0.001071
0.00107
0.001069
0.001069
0.001069
0.001068
0.001067
0.001067
0.001067
0.001066
0.001065
0.001065
0.001065
0.001065
0.001065
0.001064
0.001064
0.001064
0.001063
0.001063
0.001062
0.001062
0.001062
0.001061
0.001061
0.001061
0.00106
0.00106
0.00106
0.00106
0.00106
0.00106
0.00106
0.001059
0.001059
0.001059
0.001058
0.001058
0.001056
0.001056
0.001056
0.001056
0.001056
0.001055
0.001055
0.001054
0.001054
0.001054
0.001053
0.001053
0.001053
0.001052
0.001052
0.001051
0.00105
0.00105
0.00105
0.00105
0.00105
0.00105
0.001049
0.001049
0.001048
0.001048
0.001048
0.001048
0.001048
0.001048
0.001047
0.001046
0.001045
0.001045
0.001044
0.001044
0.001044
0.001043
0.001043
0.001043
0.001042
0.001042
0.001042
0.001041
0.001041
0.001041
0.00104
0.00104
0.00104
0.00104
0.001039
0.001039
0.001039
0.001039
0.001039
0.001039
0.001038
0.001037
0.001037
0.001036
0.001036
0.001036
0.001035
0.001035
0.001035
0.001035
0.001035
0.001035
0.001035
0.001035
0.001032
0.001032
0.001032
0.001031
0.001031
0.00103
0.00103
0.00103
0.00103
0.001029
0.001029
0.001029
0.001028
0.001028
0.001028
0.001028
0.001028
0.001028
0.001028
0.001028
0.001028
0.001027
0.001027
0.001027
0.001027
0.001027
0.001027
0.001026
0.001026
0.001025
0.001024
0.001024
0.001024
0.001023
0.001023
0.001023
0.001022
0.001022
0.001022
0.001022
0.001022
0.001022
0.001022
0.001021
0.001021
0.00102
0.001019
0.001019
0.001018
0.001017
0.001016
0.001016
0.001015
0.001015
0.001014
0.001014
0.001013
0.001013
0.001013
0.001013
0.001012
0.001012
0.001012
0.001011
0.001011
0.00101
0.00101
0.00101
0.00101
0.00101
0.001009
0.001008
0.001007
0.001007
0.001007
0.001007
0.001007
0.001007
0.001006
0.001006
0.001005
0.001005
0.001005
0.001003
0.001002
0.001002
0.001002
0.001002
0.001001
0.001001
0.001001
0.0010
0.0010
9.99E-4
9.99E-4
9.98E-4
9.98E-4
9.98E-4
9.98E-4
9.97E-4
9.96E-4
9.96E-4
9.96E-4
9.96E-4
9.95E-4
9.95E-4
9.94E-4
9.94E-4
9.94E-4
9.93E-4
9.93E-4
9.92E-4
9.92E-4
9.92E-4
9.91E-4
9.91E-4
9.91E-4
9.9E-4
9.9E-4
9.9E-4
9.9E-4
9.9E-4
9.9E-4
9.89E-4
9.89E-4
9.89E-4
9.89E-4
9.89E-4
9.89E-4
9.89E-4
9.88E-4
9.87E-4
9.87E-4
9.85E-4
9.85E-4
9.84E-4
9.84E-4
9.84E-4
9.83E-4
9.83E-4
9.82E-4
9.81E-4
9.81E-4
9.8E-4
9.8E-4
9.8E-4
9.79E-4
9.79E-4
9.78E-4
9.78E-4
9.78E-4
9.78E-4
9.77E-4
9.77E-4
9.77E-4
9.76E-4
9.75E-4
9.75E-4
9.75E-4
9.74E-4
9.74E-4
9.74E-4
9.74E-4
9.73E-4
9.73E-4
9.72E-4
9.71E-4
9.71E-4
9.7E-4
9.7E-4
9.7E-4
9.69E-4
9.69E-4
9.69E-4
9.69E-4
9.68E-4
9.67E-4
9.67E-4
9.67E-4
9.66E-4
9.65E-4
9.65E-4
9.65E-4
9.65E-4
9.65E-4
9.65E-4
9.64E-4
9.64E-4
9.63E-4
9.63E-4
9.62E-4
9.62E-4
9.62E-4
9.61E-4
9.61E-4
9.61E-4
9.61E-4
9.6E-4
9.6E-4
9.6E-4
9.59E-4
9.58E-4
9.58E-4
9.57E-4
9.57E-4
9.56E-4
9.56E-4
9.55E-4
9.54E-4
9.54E-4
9.54E-4
9.53E-4
9.53E-4
9.52E-4
9.51E-4
9.51E-4
9.51E-4
9.51E-4
9.51E-4
9.51E-4
9.5E-4
9.49E-4
9.49E-4
9.49E-4
9.48E-4
9.48E-4
9.48E-4
9.48E-4
9.48E-4
9.48E-4
9.47E-4
9.47E-4
9.47E-4
9.46E-4
9.46E-4
9.45E-4
9.45E-4
9.45E-4
9.45E-4
9.45E-4
9.44E-4
9.44E-4
9.44E-4
9.43E-4
9.43E-4
9.42E-4
9.42E-4
9.42E-4
9.41E-4
9.41E-4
9.4E-4
9.4E-4
9.4E-4
9.4E-4
9.39E-4
9.39E-4
9.38E-4
9.37E-4
9.37E-4
9.36E-4
9.36E-4
9.36E-4
9.35E-4
9.35E-4
9.35E-4
9.35E-4
9.34E-4
9.34E-4
9.33E-4
9.33E-4
9.33E-4
9.32E-4
9.32E-4
9.31E-4
9.31E-4
9.31E-4
9.31E-4
9.3E-4
9.3E-4
9.3E-4
9.3E-4
9.29E-4
9.29E-4
9.29E-4
9.29E-4
9.29E-4
9.28E-4
9.28E-4
9.28E-4
9.28E-4
9.26E-4
9.25E-4
9.24E-4
9.24E-4
9.24E-4
9.24E-4
9.24E-4
9.24E-4
9.23E-4
9.23E-4
9.23E-4
9.23E-4
9.23E-4
9.23E-4
9.23E-4
9.22E-4
9.22E-4
9.22E-4
9.22E-4
9.21E-4
9.21E-4
9.21E-4
9.21E-4
9.21E-4
9.2E-4
9.2E-4
9.2E-4
9.2E-4
9.19E-4
9.19E-4
9.19E-4
9.19E-4
9.18E-4
9.18E-4
9.18E-4
9.17E-4
9.17E-4
9.16E-4
9.16E-4
9.16E-4
9.16E-4
9.16E-4
9.16E-4
9.16E-4
9.16E-4
9.15E-4
9.15E-4
9.15E-4
9.14E-4
9.14E-4
9.13E-4
9.13E-4
9.13E-4
9.12E-4
9.12E-4
9.11E-4
9.11E-4
9.11E-4
9.11E-4
9.11E-4
9.1E-4
9.1E-4
9.1E-4
9.1E-4
9.1E-4
9.1E-4
9.09E-4
9.09E-4
9.08E-4
9.08E-4
9.08E-4
9.08E-4
9.08E-4
9.08E-4
9.07E-4
9.07E-4
9.06E-4
9.05E-4
9.05E-4
9.03E-4
9.02E-4
9.01E-4
9.0E-4
9.0E-4
9.0E-4
9.0E-4
8.99E-4
8.98E-4
8.98E-4
8.98E-4
8.98E-4
8.98E-4
8.97E-4
8.97E-4
8.97E-4
8.97E-4
8.95E-4
8.94E-4
8.94E-4
8.94E-4
8.93E-4
8.93E-4
8.93E-4
8.93E-4
8.92E-4
8.92E-4
8.92E-4
8.91E-4
8.91E-4
8.91E-4
8.91E-4
8.91E-4
8.9E-4
8.9E-4
8.88E-4
8.88E-4
8.88E-4
8.88E-4
8.88E-4
8.87E-4
8.86E-4
8.86E-4
8.86E-4
8.86E-4
8.86E-4
8.85E-4
8.85E-4
8.85E-4
8.84E-4
8.83E-4
8.83E-4
8.83E-4
8.82E-4
8.82E-4
8.82E-4
8.82E-4
8.81E-4
8.81E-4
8.8E-4
8.8E-4
8.8E-4
8.79E-4
8.79E-4
8.77E-4
8.77E-4
8.77E-4
8.75E-4
8.75E-4
8.74E-4
8.73E-4
8.73E-4
8.73E-4
8.73E-4
8.73E-4
8.72E-4
8.72E-4
8.72E-4
8.72E-4
8.72E-4
8.71E-4
8.71E-4
8.71E-4
8.71E-4
8.71E-4
8.7E-4
8.7E-4
8.69E-4
8.68E-4
8.68E-4
8.68E-4
8.68E-4
8.67E-4
8.67E-4
8.66E-4
8.66E-4
8.66E-4
8.66E-4
8.65E-4
8.65E-4
8.63E-4
8.63E-4
8.63E-4
8.62E-4
8.62E-4
8.62E-4
8.62E-4
8.62E-4
8.61E-4
8.61E-4
8.6E-4
8.6E-4
8.6E-4
8.6E-4
8.59E-4
8.59E-4
8.59E-4
8.58E-4
8.58E-4
8.58E-4
8.57E-4
8.57E-4
8.57E-4
8.56E-4
8.56E-4
8.56E-4
8.56E-4
8.55E-4
8.55E-4
8.55E-4
8.55E-4
8.54E-4
8.54E-4
8.54E-4
8.54E-4
8.53E-4
8.52E-4
8.52E-4
8.51E-4
8.5E-4
8.5E-4
8.5E-4
8.5E-4
8.5E-4
8.49E-4
8.49E-4
8.48E-4
8.48E-4
8.48E-4
8.48E-4
8.47E-4
8.45E-4
8.45E-4
8.45E-4
8.44E-4
8.43E-4
8.42E-4
8.42E-4
8.42E-4
8.42E-4
8.41E-4
8.41E-4
8.39E-4
8.39E-4
8.39E-4
8.38E-4
8.38E-4
8.38E-4
8.37E-4
8.37E-4
8.37E-4
8.37E-4
8.35E-4
8.33E-4
8.33E-4
8.32E-4
8.32E-4
8.32E-4
8.32E-4
8.32E-4
8.31E-4
8.3E-4
8.29E-4
8.29E-4
8.29E-4
8.29E-4
8.29E-4
8.28E-4
8.28E-4
8.28E-4
8.28E-4
8.28E-4
8.27E-4
8.27E-4
8.27E-4
8.26E-4
8.26E-4
8.26E-4
8.26E-4
8.26E-4
8.26E-4
8.26E-4
8.26E-4
8.25E-4
8.25E-4
8.25E-4
8.25E-4
8.25E-4
8.24E-4
8.23E-4
8.23E-4
8.22E-4
8.22E-4
8.22E-4
8.22E-4
8.22E-4
8.21E-4
8.21E-4
8.2E-4
8.19E-4
8.18E-4
8.18E-4
8.17E-4
8.17E-4
8.17E-4
8.16E-4
8.16E-4
8.16E-4
8.16E-4
8.16E-4
8.16E-4
8.15E-4
8.15E-4
8.14E-4
8.14E-4
8.14E-4
8.13E-4
8.13E-4
8.12E-4
8.11E-4
8.11E-4
8.11E-4
8.1E-4
8.1E-4
8.1E-4
8.09E-4
8.08E-4
8.08E-4
8.08E-4
8.07E-4
8.07E-4
8.07E-4
8.06E-4
8.06E-4
8.06E-4
8.06E-4
8.05E-4
8.04E-4
8.03E-4
8.02E-4
8.02E-4
8.02E-4
8.02E-4
8.02E-4
8.02E-4
8.01E-4
7.99E-4
7.98E-4
7.98E-4
7.97E-4
7.97E-4
7.97E-4
7.97E-4
7.97E-4
7.97E-4
7.96E-4
7.96E-4
7.96E-4
7.95E-4
7.95E-4
7.94E-4
7.94E-4
7.94E-4
7.94E-4
7.92E-4
7.92E-4
7.91E-4
7.91E-4
7.9E-4
7.9E-4
7.9E-4
7.9E-4
7.89E-4
7.89E-4
7.88E-4
7.88E-4
7.88E-4
7.88E-4
7.88E-4
7.88E-4
7.86E-4
7.85E-4
7.85E-4
7.84E-4
7.84E-4
7.84E-4
7.83E-4
7.83E-4
7.83E-4
7.82E-4
7.82E-4
7.81E-4
7.81E-4
7.8E-4
7.8E-4
7.8E-4
7.8E-4
7.8E-4
7.79E-4
7.79E-4
7.79E-4
7.78E-4
7.78E-4
7.78E-4
7.78E-4
7.77E-4
7.77E-4
7.77E-4
7.76E-4
7.75E-4
7.75E-4
7.75E-4
7.75E-4
7.75E-4
7.75E-4
7.74E-4
7.74E-4
7.73E-4
7.72E-4
7.72E-4
7.72E-4
7.71E-4
7.71E-4
7.7E-4
7.7E-4
7.7E-4
7.7E-4
7.7E-4
7.69E-4
7.69E-4
7.68E-4
7.68E-4
7.68E-4
7.67E-4
7.67E-4
7.67E-4
7.67E-4
7.66E-4
7.66E-4
7.66E-4
7.64E-4
7.64E-4
7.64E-4
7.64E-4
7.63E-4
7.63E-4
7.63E-4
7.63E-4
7.63E-4
7.62E-4
7.62E-4
7.62E-4
7.62E-4
7.62E-4
7.61E-4
7.6E-4
7.6E-4
7.59E-4
7.59E-4
7.58E-4
7.58E-4
7.58E-4
7.58E-4
7.58E-4
7.57E-4
7.57E-4
7.57E-4
7.57E-4
7.56E-4
7.56E-4
7.56E-4
7.55E-4
7.55E-4
7.55E-4
7.54E-4
7.54E-4
7.54E-4
7.54E-4
7.53E-4
7.53E-4
7.53E-4
7.53E-4
7.53E-4
7.52E-4
7.52E-4
7.52E-4
7.51E-4
7.51E-4
7.51E-4
7.5E-4
7.5E-4
7.49E-4
7.49E-4
7.49E-4
7.48E-4
7.48E-4
7.48E-4
7.47E-4
7.47E-4
7.46E-4
7.46E-4
7.46E-4
7.46E-4
7.45E-4
7.43E-4
7.42E-4
7.42E-4
7.42E-4
7.42E-4
7.42E-4
7.41E-4
7.41E-4
7.41E-4
7.41E-4
7.4E-4
7.4E-4
7.4E-4
7.39E-4
7.39E-4
7.38E-4
7.38E-4
7.37E-4
7.35E-4
7.35E-4
7.34E-4
7.34E-4
7.34E-4
7.34E-4
7.33E-4
7.33E-4
7.33E-4
7.33E-4
7.32E-4
7.3E-4
7.3E-4
7.3E-4
7.29E-4
7.29E-4
7.28E-4
7.28E-4
7.27E-4
7.26E-4
7.24E-4
7.24E-4
7.24E-4
7.23E-4
7.21E-4
7.19E-4
7.19E-4
7.19E-4
7.18E-4
7.17E-4
7.17E-4
7.16E-4
7.16E-4
7.16E-4
7.15E-4
7.15E-4
7.15E-4
7.14E-4
7.14E-4
7.14E-4
7.14E-4
7.14E-4
7.14E-4
7.12E-4
7.12E-4
7.12E-4
7.11E-4
7.11E-4
7.11E-4
7.11E-4
7.09E-4
7.08E-4
7.07E-4
7.07E-4
7.07E-4
7.07E-4
7.06E-4
7.06E-4
7.06E-4
7.06E-4
7.05E-4
7.05E-4
7.04E-4
7.04E-4
7.04E-4
7.04E-4
7.03E-4
7.02E-4
7.02E-4
7.02E-4
7.01E-4
7.01E-4
7.0E-4
6.99E-4
6.99E-4
6.99E-4
6.98E-4
6.98E-4
6.98E-4
6.97E-4
6.97E-4
6.97E-4
6.96E-4
6.96E-4
6.96E-4
6.96E-4
6.95E-4
6.94E-4
6.93E-4
6.92E-4
6.92E-4
6.89E-4
6.89E-4
6.89E-4
6.89E-4
6.89E-4
6.88E-4
6.88E-4
6.88E-4
6.88E-4
6.86E-4
6.86E-4
6.86E-4
6.85E-4
6.85E-4
6.85E-4
6.84E-4
6.83E-4
6.82E-4
6.82E-4
6.82E-4
6.81E-4
6.81E-4
6.81E-4
6.8E-4
6.78E-4
6.77E-4
6.76E-4
6.74E-4
6.74E-4
6.73E-4
6.71E-4
6.7E-4
6.7E-4
6.7E-4
6.7E-4
6.7E-4
6.69E-4
6.69E-4
6.69E-4
6.68E-4
6.68E-4
6.68E-4
6.67E-4
6.65E-4
6.65E-4
6.64E-4
6.63E-4
6.63E-4
6.63E-4
6.62E-4
6.62E-4
6.62E-4
6.62E-4
6.61E-4
6.61E-4
6.61E-4
6.61E-4
6.6E-4
6.6E-4
6.58E-4
6.58E-4
6.58E-4
6.56E-4
6.56E-4
6.56E-4
6.54E-4
6.54E-4
6.53E-4
6.53E-4
6.53E-4
6.53E-4
6.53E-4
6.52E-4
6.52E-4
6.51E-4
6.51E-4
6.51E-4
6.5E-4
6.5E-4
6.5E-4
6.5E-4
6.48E-4
6.47E-4
6.47E-4
6.47E-4
6.47E-4
6.47E-4
6.46E-4
6.46E-4
6.44E-4
6.44E-4
6.43E-4
6.43E-4
6.43E-4
6.42E-4
6.42E-4
6.42E-4
6.41E-4
6.4E-4
6.4E-4
6.4E-4
6.39E-4
6.39E-4
6.39E-4
6.37E-4
6.37E-4
6.37E-4
6.37E-4
6.37E-4
6.36E-4
6.36E-4
6.35E-4
6.35E-4
6.35E-4
6.34E-4
6.34E-4
6.34E-4
6.33E-4
6.32E-4
6.32E-4
6.31E-4
6.3E-4
6.29E-4
6.29E-4
6.28E-4
6.28E-4
6.27E-4
6.27E-4
6.27E-4
6.27E-4
6.26E-4
6.25E-4
6.25E-4
6.25E-4
6.24E-4
6.23E-4
6.23E-4
6.23E-4
6.22E-4
6.22E-4
6.22E-4
6.22E-4
6.21E-4
6.2E-4
6.2E-4
6.2E-4
6.2E-4
6.2E-4
6.2E-4
6.2E-4
6.19E-4
6.19E-4
6.18E-4
6.18E-4
6.18E-4
6.17E-4
6.17E-4
6.17E-4
6.17E-4
6.16E-4
6.15E-4
6.15E-4
6.14E-4
6.13E-4
6.13E-4
6.13E-4
6.11E-4
6.11E-4
6.11E-4
6.11E-4
6.1E-4
6.09E-4
6.09E-4
6.09E-4
6.08E-4
6.07E-4
6.06E-4
6.06E-4
6.06E-4
6.06E-4
6.05E-4
6.03E-4
6.03E-4
6.03E-4
6.03E-4
6.03E-4
6.02E-4
6.02E-4
6.01E-4
6.01E-4
5.99E-4
5.99E-4
5.99E-4
5.98E-4
5.98E-4
5.98E-4
5.98E-4
5.98E-4
5.97E-4
5.97E-4
5.96E-4
5.96E-4
5.96E-4
5.95E-4
5.95E-4
5.94E-4
5.94E-4
5.94E-4
5.94E-4
5.93E-4
5.93E-4
5.93E-4
5.93E-4
5.93E-4
5.92E-4
5.91E-4
5.9E-4
5.9E-4
5.9E-4
5.89E-4
5.89E-4
5.89E-4
5.89E-4
5.89E-4
5.89E-4
5.88E-4
5.88E-4
5.88E-4
5.88E-4
5.86E-4
5.86E-4
5.85E-4
5.85E-4
5.84E-4
5.83E-4
5.83E-4
5.8E-4
5.8E-4
5.8E-4
5.79E-4
5.78E-4
5.77E-4
5.77E-4
5.76E-4
5.75E-4
5.74E-4
5.74E-4
5.73E-4
5.73E-4
5.71E-4
5.7E-4
5.7E-4
5.7E-4
5.68E-4
5.66E-4
5.65E-4
5.65E-4
5.62E-4
5.62E-4
5.61E-4
5.61E-4
5.6E-4
5.6E-4
5.59E-4
5.59E-4
5.59E-4
5.59E-4
5.58E-4
5.58E-4
5.58E-4
5.57E-4
5.57E-4
5.57E-4
5.57E-4
5.56E-4
5.56E-4
5.56E-4
5.55E-4
5.55E-4
5.54E-4
5.53E-4
5.52E-4
5.51E-4
5.51E-4
5.51E-4
5.5E-4
5.49E-4
5.49E-4
5.49E-4
5.49E-4
5.48E-4
5.48E-4
5.48E-4
5.46E-4
5.46E-4
5.45E-4
5.45E-4
5.45E-4
5.44E-4
5.44E-4
5.43E-4
5.43E-4
5.43E-4
5.42E-4
5.41E-4
5.4E-4
5.4E-4
5.39E-4
5.39E-4
5.38E-4
5.38E-4
5.37E-4
5.37E-4
5.37E-4
5.37E-4
5.36E-4
5.36E-4
5.36E-4
5.35E-4
5.34E-4
5.34E-4
5.32E-4
5.32E-4
5.32E-4
5.31E-4
5.31E-4
5.31E-4
5.3E-4
5.29E-4
5.29E-4
5.29E-4
5.28E-4
5.28E-4
5.26E-4
5.26E-4
5.26E-4
5.25E-4
5.25E-4
5.25E-4
5.24E-4
5.23E-4
5.23E-4
5.23E-4
5.21E-4
5.2E-4
5.19E-4
5.18E-4
5.17E-4
5.17E-4
5.16E-4
5.16E-4
5.16E-4
5.16E-4
5.16E-4
5.16E-4
5.15E-4
5.14E-4
5.14E-4
5.14E-4
5.14E-4
5.14E-4
5.13E-4
5.13E-4
5.12E-4
5.12E-4
5.12E-4
5.12E-4
5.1E-4
5.1E-4
5.08E-4
5.08E-4
5.07E-4
5.07E-4
5.07E-4
5.06E-4
5.06E-4
5.06E-4
5.05E-4
5.05E-4
5.03E-4
5.02E-4
5.02E-4
5.01E-4
5.0E-4
5.0E-4
4.99E-4
4.98E-4
4.98E-4
4.97E-4
4.97E-4
4.96E-4
4.96E-4
4.96E-4
4.95E-4
4.94E-4
4.93E-4
4.93E-4
4.92E-4
4.92E-4
4.91E-4
4.91E-4
4.91E-4
4.91E-4
4.9E-4
4.88E-4
4.88E-4
4.85E-4
4.85E-4
4.85E-4
4.84E-4
4.84E-4
4.84E-4
4.84E-4
4.83E-4
4.83E-4
4.83E-4
4.83E-4
4.82E-4
4.81E-4
4.81E-4
4.8E-4
4.8E-4
4.8E-4
4.79E-4
4.78E-4
4.77E-4
4.76E-4
4.75E-4
4.74E-4
4.73E-4
4.73E-4
4.72E-4
4.7E-4
4.69E-4
4.69E-4
4.69E-4
4.68E-4
4.67E-4
4.67E-4
4.67E-4
4.65E-4
4.64E-4
4.63E-4
4.62E-4
4.62E-4
4.61E-4
4.61E-4
4.59E-4
4.58E-4
4.56E-4
4.54E-4
4.54E-4
4.54E-4
4.53E-4
4.51E-4
4.51E-4
4.51E-4
4.51E-4
4.5E-4
4.5E-4
4.5E-4
4.49E-4
4.48E-4
4.48E-4
4.47E-4
4.47E-4
4.46E-4
4.44E-4
4.44E-4
4.44E-4
4.43E-4
4.43E-4
4.43E-4
4.41E-4
4.41E-4
4.4E-4
4.39E-4
4.38E-4
4.37E-4
4.36E-4
4.34E-4
4.33E-4
4.32E-4
4.32E-4
4.32E-4
4.31E-4
4.31E-4
4.3E-4
4.3E-4
4.29E-4
4.29E-4
4.29E-4
4.29E-4
4.29E-4
4.28E-4
4.28E-4
4.26E-4
4.26E-4
4.25E-4
4.25E-4
4.24E-4
4.23E-4
4.23E-4
4.23E-4
4.22E-4
4.22E-4
4.21E-4
4.21E-4
4.2E-4
4.2E-4
4.19E-4
4.18E-4
4.18E-4
4.18E-4
4.17E-4
4.17E-4
4.17E-4
4.16E-4
4.15E-4
4.15E-4
4.12E-4
4.12E-4
4.12E-4
4.11E-4
4.1E-4
4.09E-4
4.08E-4
4.06E-4
4.06E-4
4.06E-4
4.06E-4
4.05E-4
4.04E-4
4.03E-4
4.03E-4
4.02E-4
4.01E-4
3.99E-4
3.99E-4
3.98E-4
3.97E-4
3.97E-4
3.96E-4
3.96E-4
3.95E-4
3.95E-4
3.95E-4
3.94E-4
3.94E-4
3.94E-4
3.91E-4
3.91E-4
3.9E-4
3.89E-4
3.88E-4
3.87E-4
3.86E-4
3.84E-4
3.82E-4
3.82E-4
3.81E-4
3.81E-4
3.8E-4
3.8E-4
3.79E-4
3.79E-4
3.79E-4
3.77E-4
3.77E-4
3.77E-4
3.77E-4
3.75E-4
3.75E-4
3.74E-4
3.74E-4
3.74E-4
3.74E-4
3.73E-4
3.73E-4
3.73E-4
3.72E-4
3.72E-4
3.72E-4
3.71E-4
3.71E-4
3.7E-4
3.69E-4
3.67E-4
3.67E-4
3.67E-4
3.66E-4
3.65E-4
3.63E-4
3.62E-4
3.62E-4
3.61E-4
3.61E-4
3.6E-4
3.58E-4
3.57E-4
3.55E-4
3.53E-4
3.52E-4
3.51E-4
3.49E-4
3.48E-4
3.47E-4
3.44E-4
3.43E-4
3.41E-4
3.41E-4
3.37E-4
3.37E-4
3.37E-4
3.37E-4
3.37E-4
3.35E-4
3.32E-4
3.32E-4
3.29E-4
3.28E-4
3.26E-4
3.26E-4
3.24E-4
3.21E-4
3.2E-4
3.2E-4
3.18E-4
3.17E-4
3.12E-4
3.12E-4
3.12E-4
3.11E-4
3.11E-4
3.1E-4
3.09E-4
3.08E-4
3.07E-4
3.06E-4
3.01E-4
3.01E-4
3.0E-4
2.97E-4
2.96E-4
2.95E-4
2.94E-4
2.93E-4
2.89E-4
2.88E-4
2.87E-4
2.86E-4
2.85E-4
2.84E-4
2.78E-4
2.73E-4
2.68E-4
2.66E-4
2.64E-4
2.62E-4
2.61E-4
2.6E-4
2.59E-4
2.56E-4
2.54E-4
2.49E-4
2.48E-4
2.4E-4
2.39E-4
2.37E-4
2.34E-4
2.31E-4
2.31E-4
2.29E-4
2.29E-4
2.28E-4
2.24E-4
2.21E-4
2.18E-4
2.16E-4
2.14E-4
2.04E-4
2.02E-4
1.98E-4
1.97E-4
1.93E-4
1.92E-4
1.9E-4
1.88E-4
1.86E-4
1.85E-4
1.85E-4
1.79E-4
1.77E-4
1.76E-4
1.69E-4
1.67E-4
1.67E-4
1.55E-4
1.53E-4
1.53E-4
1.49E-4
1.48E-4
1.44E-4
1.35E-4
1.27E-4
1.23E-4
1.03E-4
8.5E-5
6.5E-5
6.2E-5
5.7E-5
5.1E-5
2.2E-5
1.6E-5
1.6E-5
6.0E-6
6.0E-6
6.0E-6
5.0E-6
5.0E-6
5.0E-6
5.0E-6
5.0E-6
5.0E-6
5.0E-6
5.0E-6
5.0E-6
5.0E-6
5.0E-6
4.0E-6
4.0E-6
4.0E-6
4.0E-6
4.0E-6
4.0E-6
4.0E-6
4.0E-6
4.0E-6
4.0E-6
4.0E-6
4.0E-6
4.0E-6
4.0E-6
4.0E-6
4.0E-6
4.0E-6
4.0E-6
4.0E-6
4.0E-6
4.0E-6
4.0E-6
4.0E-6
4.0E-6
4.0E-6
4.0E-6
4.0E-6
4.0E-6
4.0E-6
4.0E-6
4.0E-6
4.0E-6
4.0E-6
4.0E-6
3.0E-6
3.0E-6
3.0E-6
3.0E-6
3.0E-6
3.0E-6
3.0E-6
3.0E-6
3.0E-6
3.0E-6
3.0E-6
3.0E-6
3.0E-6
3.0E-6
3.0E-6
3.0E-6
3.0E-6
3.0E-6
3.0E-6
3.0E-6
3.0E-6
3.0E-6
3.0E-6
3.0E-6
3.0E-6
3.0E-6
3.0E-6
3.0E-6
3.0E-6
3.0E-6
3.0E-6
3.0E-6
3.0E-6
3.0E-6
3.0E-6
3.0E-6
3.0E-6
3.0E-6
3.0E-6
3.0E-6
3.0E-6
3.0E-6
3.0E-6
3.0E-6
3.0E-6
3.0E-6
3.0E-6
3.0E-6
3.0E-6
3.0E-6
3.0E-6
3.0E-6
3.0E-6
3.0E-6
3.0E-6
3.0E-6
3.0E-6
3.0E-6
3.0E-6
3.0E-6
3.0E-6
3.0E-6
3.0E-6
3.0E-6
3.0E-6
3.0E-6
3.0E-6
3.0E-6
3.0E-6
3.0E-6
3.0E-6
3.0E-6
3.0E-6
3.0E-6
3.0E-6
3.0E-6
3.0E-6
3.0E-6
3.0E-6
3.0E-6
3.0E-6
3.0E-6
3.0E-6
3.0E-6
3.0E-6
3.0E-6
3.0E-6
3.0E-6
3.0E-6
3.0E-6
3.0E-6
3.0E-6
3.0E-6
3.0E-6
2.0E-6
2.0E-6
2.0E-6
2.0E-6
2.0E-6
2.0E-6
2.0E-6
2.0E-6
2.0E-6
2.0E-6
2.0E-6
2.0E-6
2.0E-6
2.0E-6
2.0E-6
2.0E-6
2.0E-6
2.0E-6
2.0E-6
2.0E-6
2.0E-6
2.0E-6
2.0E-6
2.0E-6
2.0E-6
2.0E-6
2.0E-6
2.0E-6
2.0E-6
2.0E-6
2.0E-6
2.0E-6
2.0E-6
2.0E-6
2.0E-6
2.0E-6
2.0E-6
2.0E-6
2.0E-6
2.0E-6
2.0E-6
2.0E-6
2.0E-6
2.0E-6
2.0E-6
2.0E-6
2.0E-6
2.0E-6
2.0E-6
2.0E-6
2.0E-6
2.0E-6
2.0E-6
2.0E-6
2.0E-6
2.0E-6
2.0E-6
2.0E-6
2.0E-6
2.0E-6
2.0E-6
2.0E-6
2.0E-6
2.0E-6
2.0E-6
2.0E-6
2.0E-6
2.0E-6
2.0E-6
2.0E-6
2.0E-6
2.0E-6
2.0E-6
2.0E-6
2.0E-6
2.0E-6
2.0E-6
2.0E-6
2.0E-6
2.0E-6
2.0E-6
2.0E-6
2.0E-6
2.0E-6
2.0E-6
2.0E-6
2.0E-6
2.0E-6
2.0E-6
2.0E-6
2.0E-6
2.0E-6
2.0E-6
2.0E-6
2.0E-6
2.0E-6
2.0E-6
2.0E-6
2.0E-6
2.0E-6
2.0E-6
2.0E-6
2.0E-6
2.0E-6
2.0E-6
2.0E-6
2.0E-6
2.0E-6
2.0E-6
2.0E-6
2.0E-6
2.0E-6
2.0E-6
2.0E-6
2.0E-6
2.0E-6
2.0E-6
2.0E-6
2.0E-6
2.0E-6
2.0E-6
2.0E-6
2.0E-6
2.0E-6
2.0E-6
2.0E-6
2.0E-6
2.0E-6
2.0E-6
2.0E-6
2.0E-6
2.0E-6
2.0E-6
2.0E-6
2.0E-6
2.0E-6
2.0E-6
2.0E-6
2.0E-6
2.0E-6
2.0E-6
2.0E-6
2.0E-6
2.0E-6
2.0E-6
2.0E-6
2.0E-6
2.0E-6
2.0E-6
2.0E-6
2.0E-6
2.0E-6
2.0E-6
2.0E-6
2.0E-6
2.0E-6
2.0E-6
2.0E-6
2.0E-6
2.0E-6
2.0E-6
2.0E-6
2.0E-6
2.0E-6
2.0E-6
2.0E-6
2.0E-6
2.0E-6
2.0E-6
2.0E-6
2.0E-6
2.0E-6
2.0E-6
2.0E-6
2.0E-6
2.0E-6
2.0E-6
2.0E-6
2.0E-6
2.0E-6
2.0E-6
2.0E-6
2.0E-6
2.0E-6
2.0E-6
2.0E-6
2.0E-6
2.0E-6
2.0E-6
2.0E-6
2.0E-6
2.0E-6
2.0E-6
2.0E-6
2.0E-6
2.0E-6
2.0E-6
2.0E-6
2.0E-6
2.0E-6
2.0E-6
2.0E-6
2.0E-6
2.0E-6
2.0E-6
2.0E-6
2.0E-6
2.0E-6
2.0E-6
2.0E-6
2.0E-6
2.0E-6
2.0E-6
2.0E-6
2.0E-6
2.0E-6
2.0E-6
2.0E-6
2.0E-6
2.0E-6
2.0E-6
2.0E-6
2.0E-6
2.0E-6
2.0E-6
2.0E-6
2.0E-6
2.0E-6
2.0E-6
2.0E-6
2.0E-6
2.0E-6
2.0E-6
2.0E-6
2.0E-6
2.0E-6
2.0E-6
2.0E-6
2.0E-6
2.0E-6
2.0E-6
2.0E-6
2.0E-6
2.0E-6
2.0E-6
2.0E-6
2.0E-6
2.0E-6
2.0E-6
2.0E-6
2.0E-6
2.0E-6
2.0E-6
2.0E-6
2.0E-6
2.0E-6
2.0E-6
2.0E-6
2.0E-6
2.0E-6
2.0E-6
2.0E-6
2.0E-6
2.0E-6
2.0E-6
2.0E-6
2.0E-6
2.0E-6
2.0E-6
2.0E-6
2.0E-6
2.0E-6
2.0E-6
2.0E-6
2.0E-6
2.0E-6
2.0E-6
2.0E-6
2.0E-6
2.0E-6
2.0E-6
2.0E-6
2.0E-6
2.0E-6
2.0E-6
2.0E-6
2.0E-6
2.0E-6
2.0E-6
2.0E-6
2.0E-6
2.0E-6
2.0E-6
2.0E-6
2.0E-6
2.0E-6
2.0E-6
2.0E-6
2.0E-6
2.0E-6
2.0E-6
2.0E-6
2.0E-6
2.0E-6
2.0E-6
2.0E-6
2.0E-6
2.0E-6
2.0E-6
2.0E-6
2.0E-6
2.0E-6
2.0E-6
2.0E-6
2.0E-6
2.0E-6
2.0E-6
2.0E-6
2.0E-6
2.0E-6
2.0E-6
2.0E-6
2.0E-6
2.0E-6
2.0E-6
2.0E-6
2.0E-6
2.0E-6
2.0E-6
2.0E-6
2.0E-6
2.0E-6
2.0E-6
2.0E-6
2.0E-6
2.0E-6
2.0E-6
2.0E-6
2.0E-6
2.0E-6
2.0E-6
2.0E-6
2.0E-6
2.0E-6
2.0E-6
2.0E-6
2.0E-6
2.0E-6
2.0E-6
2.0E-6
2.0E-6
2.0E-6
2.0E-6
2.0E-6
2.0E-6
2.0E-6
2.0E-6
2.0E-6
2.0E-6
2.0E-6
2.0E-6
2.0E-6
2.0E-6
2.0E-6
2.0E-6
2.0E-6
2.0E-6
2.0E-6
2.0E-6
2.0E-6
2.0E-6
2.0E-6
2.0E-6
2.0E-6
2.0E-6
2.0E-6
2.0E-6
2.0E-6
2.0E-6
2.0E-6
2.0E-6
2.0E-6
2.0E-6
2.0E-6
2.0E-6
2.0E-6
2.0E-6
2.0E-6
2.0E-6
2.0E-6
2.0E-6
2.0E-6
2.0E-6
2.0E-6
2.0E-6
2.0E-6
2.0E-6
2.0E-6
2.0E-6
2.0E-6
2.0E-6
2.0E-6
2.0E-6
2.0E-6
2.0E-6
2.0E-6
2.0E-6
2.0E-6
2.0E-6
2.0E-6
2.0E-6
2.0E-6
2.0E-6
2.0E-6
2.0E-6
2.0E-6
2.0E-6
2.0E-6
2.0E-6
2.0E-6
2.0E-6
2.0E-6
2.0E-6
2.0E-6
2.0E-6
2.0E-6
2.0E-6
2.0E-6
2.0E-6
2.0E-6
2.0E-6
2.0E-6
2.0E-6
2.0E-6
2.0E-6
2.0E-6
2.0E-6
2.0E-6
2.0E-6
2.0E-6
2.0E-6
2.0E-6
2.0E-6
2.0E-6
2.0E-6
2.0E-6
2.0E-6
2.0E-6
2.0E-6
2.0E-6
2.0E-6
2.0E-6
2.0E-6
2.0E-6
2.0E-6
2.0E-6
2.0E-6
2.0E-6
2.0E-6
2.0E-6
2.0E-6
2.0E-6
2.0E-6
2.0E-6
2.0E-6
2.0E-6
2.0E-6
2.0E-6
2.0E-6
2.0E-6
2.0E-6
2.0E-6
2.0E-6
2.0E-6
2.0E-6
2.0E-6
2.0E-6
2.0E-6
2.0E-6
2.0E-6
2.0E-6
2.0E-6
2.0E-6
2.0E-6
2.0E-6
2.0E-6
2.0E-6
2.0E-6
2.0E-6
2.0E-6
2.0E-6
2.0E-6
2.0E-6
2.0E-6
2.0E-6
2.0E-6
2.0E-6
2.0E-6
2.0E-6
2.0E-6
2.0E-6
2.0E-6
2.0E-6
2.0E-6
2.0E-6
2.0E-6
2.0E-6
2.0E-6
2.0E-6
2.0E-6
2.0E-6
2.0E-6
2.0E-6
2.0E-6
2.0E-6
2.0E-6
2.0E-6
2.0E-6
2.0E-6
2.0E-6
2.0E-6
2.0E-6
2.0E-6
2.0E-6
2.0E-6
2.0E-6
2.0E-6
2.0E-6
2.0E-6
2.0E-6
2.0E-6
2.0E-6
2.0E-6
2.0E-6
2.0E-6
2.0E-6
2.0E-6
2.0E-6
2.0E-6
2.0E-6
2.0E-6
2.0E-6
2.0E-6
2.0E-6
2.0E-6
2.0E-6
2.0E-6
2.0E-6
2.0E-6
2.0E-6
2.0E-6
2.0E-6
2.0E-6
2.0E-6
2.0E-6
2.0E-6
2.0E-6
2.0E-6
2.0E-6
2.0E-6
2.0E-6
2.0E-6
2.0E-6
2.0E-6
2.0E-6
2.0E-6
2.0E-6
2.0E-6
2.0E-6
2.0E-6
2.0E-6
2.0E-6
2.0E-6
2.0E-6
2.0E-6
2.0E-6
2.0E-6
2.0E-6
2.0E-6
2.0E-6
2.0E-6
2.0E-6
2.0E-6
2.0E-6
2.0E-6
2.0E-6
2.0E-6
2.0E-6
2.0E-6
2.0E-6
2.0E-6
2.0E-6
2.0E-6
2.0E-6
2.0E-6
2.0E-6
2.0E-6
2.0E-6
2.0E-6
2.0E-6
2.0E-6
2.0E-6
2.0E-6
2.0E-6
2.0E-6
2.0E-6
2.0E-6
2.0E-6
2.0E-6
2.0E-6
2.0E-6
2.0E-6
2.0E-6
2.0E-6
2.0E-6
2.0E-6
2.0E-6
2.0E-6
2.0E-6
2.0E-6
2.0E-6
2.0E-6
2.0E-6
2.0E-6
2.0E-6
2.0E-6
2.0E-6
2.0E-6
2.0E-6
2.0E-6
2.0E-6
2.0E-6
2.0E-6
2.0E-6
2.0E-6
2.0E-6
2.0E-6
2.0E-6
2.0E-6
2.0E-6
2.0E-6
2.0E-6
2.0E-6
2.0E-6
2.0E-6
2.0E-6
2.0E-6
2.0E-6
2.0E-6
2.0E-6
2.0E-6
2.0E-6
2.0E-6
2.0E-6
2.0E-6
2.0E-6
2.0E-6
2.0E-6
2.0E-6
2.0E-6
2.0E-6
2.0E-6
2.0E-6
2.0E-6
2.0E-6
2.0E-6
2.0E-6
2.0E-6
2.0E-6
2.0E-6
2.0E-6
2.0E-6
2.0E-6
2.0E-6
2.0E-6
2.0E-6
2.0E-6
2.0E-6
2.0E-6
2.0E-6
2.0E-6
2.0E-6
2.0E-6
2.0E-6
2.0E-6
2.0E-6
2.0E-6
2.0E-6
2.0E-6
2.0E-6
2.0E-6
2.0E-6
2.0E-6
2.0E-6
2.0E-6
2.0E-6
2.0E-6
2.0E-6
2.0E-6
2.0E-6
2.0E-6
2.0E-6
2.0E-6
2.0E-6
2.0E-6
2.0E-6
2.0E-6
2.0E-6
2.0E-6
2.0E-6
2.0E-6
2.0E-6
2.0E-6
2.0E-6
2.0E-6
2.0E-6
2.0E-6
2.0E-6
2.0E-6
2.0E-6
2.0E-6
2.0E-6
2.0E-6
2.0E-6
2.0E-6
2.0E-6
2.0E-6
2.0E-6
2.0E-6
2.0E-6
2.0E-6
2.0E-6
2.0E-6
2.0E-6
2.0E-6
2.0E-6
2.0E-6
2.0E-6
2.0E-6
2.0E-6
2.0E-6
2.0E-6
2.0E-6
2.0E-6
2.0E-6
2.0E-6
2.0E-6
2.0E-6
2.0E-6
2.0E-6
2.0E-6
2.0E-6
2.0E-6
2.0E-6
2.0E-6
2.0E-6
2.0E-6
2.0E-6
2.0E-6
2.0E-6
2.0E-6
2.0E-6
2.0E-6
2.0E-6
2.0E-6
2.0E-6
2.0E-6
2.0E-6
2.0E-6
2.0E-6
2.0E-6
2.0E-6
2.0E-6
2.0E-6
2.0E-6
2.0E-6
2.0E-6
2.0E-6
2.0E-6
2.0E-6
2.0E-6
2.0E-6
2.0E-6
2.0E-6
2.0E-6
2.0E-6
2.0E-6
2.0E-6
2.0E-6
2.0E-6
2.0E-6
2.0E-6
2.0E-6
2.0E-6
2.0E-6
2.0E-6
2.0E-6
2.0E-6
2.0E-6
2.0E-6
2.0E-6
2.0E-6
2.0E-6
2.0E-6
2.0E-6
2.0E-6
2.0E-6
2.0E-6
2.0E-6
2.0E-6
2.0E-6
2.0E-6
2.0E-6
2.0E-6
2.0E-6
2.0E-6
2.0E-6
2.0E-6
2.0E-6
2.0E-6
2.0E-6
2.0E-6
2.0E-6
2.0E-6
2.0E-6
2.0E-6
2.0E-6
2.0E-6
2.0E-6
2.0E-6
2.0E-6
2.0E-6
2.0E-6
2.0E-6
2.0E-6
2.0E-6
2.0E-6
2.0E-6
2.0E-6
2.0E-6
2.0E-6
2.0E-6
2.0E-6
2.0E-6
2.0E-6
2.0E-6
2.0E-6
1.0E-6
1.0E-6
1.0E-6
1.0E-6
1.0E-6
1.0E-6
1.0E-6
1.0E-6
1.0E-6
1.0E-6
1.0E-6
1.0E-6
1.0E-6
1.0E-6
1.0E-6
1.0E-6
1.0E-6
1.0E-6
1.0E-6
1.0E-6
1.0E-6
1.0E-6
1.0E-6
1.0E-6
1.0E-6
1.0E-6
1.0E-6
1.0E-6
1.0E-6
1.0E-6
1.0E-6
1.0E-6
1.0E-6
1.0E-6
1.0E-6
1.0E-6
1.0E-6
1.0E-6
1.0E-6
1.0E-6
1.0E-6
1.0E-6
1.0E-6
1.0E-6
1.0E-6
1.0E-6
1.0E-6
1.0E-6
1.0E-6
1.0E-6
1.0E-6
1.0E-6
1.0E-6
1.0E-6
1.0E-6
1.0E-6
1.0E-6
1.0E-6
1.0E-6
1.0E-6
1.0E-6
1.0E-6
1.0E-6
1.0E-6
1.0E-6
1.0E-6
1.0E-6
1.0E-6
1.0E-6
1.0E-6
1.0E-6
1.0E-6
1.0E-6
1.0E-6
1.0E-6
1.0E-6
1.0E-6
1.0E-6
1.0E-6
1.0E-6
1.0E-6
1.0E-6
1.0E-6
1.0E-6
1.0E-6
1.0E-6
1.0E-6
1.0E-6
1.0E-6
1.0E-6
1.0E-6
1.0E-6
1.0E-6
1.0E-6
1.0E-6
1.0E-6
1.0E-6
1.0E-6
1.0E-6
1.0E-6
1.0E-6
1.0E-6
1.0E-6
1.0E-6
1.0E-6
1.0E-6
1.0E-6
1.0E-6
1.0E-6
1.0E-6
1.0E-6
1.0E-6
1.0E-6
1.0E-6
1.0E-6
1.0E-6
1.0E-6
1.0E-6
1.0E-6
1.0E-6
1.0E-6
1.0E-6
1.0E-6
1.0E-6
1.0E-6
1.0E-6
1.0E-6
1.0E-6
1.0E-6
1.0E-6
1.0E-6
1.0E-6
1.0E-6
1.0E-6
1.0E-6
1.0E-6
1.0E-6
1.0E-6
1.0E-6
1.0E-6
1.0E-6
1.0E-6
1.0E-6
1.0E-6
1.0E-6
1.0E-6
1.0E-6
1.0E-6
1.0E-6
1.0E-6
1.0E-6
1.0E-6
1.0E-6
1.0E-6
1.0E-6
1.0E-6
1.0E-6
1.0E-6
1.0E-6
1.0E-6
1.0E-6
1.0E-6
1.0E-6
1.0E-6
1.0E-6
1.0E-6
1.0E-6
1.0E-6
1.0E-6
1.0E-6
1.0E-6
1.0E-6
1.0E-6
1.0E-6
1.0E-6
1.0E-6
1.0E-6
1.0E-6
1.0E-6
1.0E-6
1.0E-6
1.0E-6
1.0E-6
1.0E-6
1.0E-6
1.0E-6
1.0E-6
1.0E-6
1.0E-6
1.0E-6
1.0E-6
1.0E-6
1.0E-6
1.0E-6
1.0E-6
1.0E-6
1.0E-6
1.0E-6
1.0E-6
1.0E-6
1.0E-6
1.0E-6
1.0E-6
1.0E-6
1.0E-6
1.0E-6
1.0E-6
1.0E-6
1.0E-6
1.0E-6
1.0E-6
1.0E-6
1.0E-6
1.0E-6
1.0E-6
1.0E-6
1.0E-6
1.0E-6
1.0E-6
1.0E-6
1.0E-6
1.0E-6
1.0E-6
1.0E-6
1.0E-6
1.0E-6
1.0E-6
1.0E-6
1.0E-6
1.0E-6
1.0E-6
1.0E-6
1.0E-6
1.0E-6
1.0E-6
1.0E-6
1.0E-6
1.0E-6
1.0E-6
1.0E-6
1.0E-6
1.0E-6
1.0E-6
1.0E-6
1.0E-6
1.0E-6
1.0E-6
1.0E-6
1.0E-6
1.0E-6
1.0E-6
1.0E-6
1.0E-6
1.0E-6
1.0E-6
1.0E-6
1.0E-6
1.0E-6
1.0E-6
1.0E-6
1.0E-6
1.0E-6
1.0E-6
1.0E-6
1.0E-6
1.0E-6
1.0E-6
1.0E-6
1.0E-6
1.0E-6
1.0E-6
1.0E-6
1.0E-6
1.0E-6
1.0E-6
1.0E-6
1.0E-6
1.0E-6
1.0E-6
1.0E-6
1.0E-6
1.0E-6
1.0E-6
1.0E-6
1.0E-6
1.0E-6
1.0E-6
1.0E-6
1.0E-6
1.0E-6
1.0E-6
1.0E-6
1.0E-6
1.0E-6
1.0E-6
1.0E-6
1.0E-6
1.0E-6
1.0E-6
1.0E-6
1.0E-6
1.0E-6
1.0E-6
1.0E-6
1.0E-6
1.0E-6
1.0E-6
1.0E-6
1.0E-6
1.0E-6
1.0E-6
1.0E-6
1.0E-6
1.0E-6
1.0E-6
1.0E-6
1.0E-6
1.0E-6
1.0E-6
1.0E-6
1.0E-6
1.0E-6
1.0E-6
1.0E-6
1.0E-6
1.0E-6
1.0E-6
1.0E-6
1.0E-6
1.0E-6
1.0E-6
1.0E-6
1.0E-6
1.0E-6
1.0E-6
1.0E-6
1.0E-6
1.0E-6
1.0E-6
1.0E-6
1.0E-6
1.0E-6
1.0E-6
1.0E-6
1.0E-6
1.0E-6
1.0E-6
1.0E-6
1.0E-6
1.0E-6
1.0E-6
1.0E-6
1.0E-6
1.0E-6
1.0E-6
1.0E-6
1.0E-6
1.0E-6
1.0E-6
1.0E-6
1.0E-6
1.0E-6
1.0E-6
1.0E-6
1.0E-6
1.0E-6
1.0E-6
1.0E-6
1.0E-6
1.0E-6
1.0E-6
1.0E-6
1.0E-6
1.0E-6
1.0E-6
1.0E-6
1.0E-6
1.0E-6
1.0E-6
1.0E-6
1.0E-6
1.0E-6
1.0E-6
1.0E-6
1.0E-6
1.0E-6
1.0E-6
1.0E-6
1.0E-6
1.0E-6
1.0E-6
1.0E-6
1.0E-6
1.0E-6
1.0E-6
1.0E-6
1.0E-6
1.0E-6
1.0E-6
1.0E-6
1.0E-6
1.0E-6
1.0E-6
1.0E-6
1.0E-6
1.0E-6
1.0E-6
1.0E-6
1.0E-6
1.0E-6
1.0E-6
1.0E-6
1.0E-6
1.0E-6
1.0E-6
1.0E-6
1.0E-6
1.0E-6
1.0E-6
1.0E-6
1.0E-6
1.0E-6
1.0E-6
1.0E-6
1.0E-6
1.0E-6
1.0E-6
1.0E-6
1.0E-6
1.0E-6
1.0E-6
1.0E-6
1.0E-6
1.0E-6
1.0E-6
1.0E-6
1.0E-6
1.0E-6
1.0E-6
1.0E-6
1.0E-6
1.0E-6
1.0E-6
1.0E-6
1.0E-6
1.0E-6
1.0E-6
1.0E-6
1.0E-6
1.0E-6
1.0E-6
1.0E-6
1.0E-6
1.0E-6
1.0E-6
1.0E-6
1.0E-6
1.0E-6
1.0E-6
1.0E-6
1.0E-6
1.0E-6
1.0E-6
1.0E-6
1.0E-6
1.0E-6
1.0E-6
1.0E-6
1.0E-6
1.0E-6
1.0E-6
1.0E-6
1.0E-6
1.0E-6
1.0E-6
1.0E-6
1.0E-6
1.0E-6
1.0E-6
1.0E-6
1.0E-6
1.0E-6
1.0E-6
1.0E-6
1.0E-6
1.0E-6
1.0E-6
1.0E-6
1.0E-6
1.0E-6
1.0E-6
1.0E-6
1.0E-6
1.0E-6
1.0E-6
1.0E-6
1.0E-6
1.0E-6
1.0E-6
1.0E-6
1.0E-6
1.0E-6
1.0E-6
1.0E-6
1.0E-6
1.0E-6
1.0E-6
1.0E-6
1.0E-6
1.0E-6
1.0E-6
1.0E-6
1.0E-6
1.0E-6
1.0E-6
1.0E-6
1.0E-6
1.0E-6
1.0E-6
1.0E-6
1.0E-6
1.0E-6
1.0E-6
1.0E-6
1.0E-6
1.0E-6
1.0E-6
1.0E-6
1.0E-6
1.0E-6
1.0E-6
1.0E-6
1.0E-6
1.0E-6
1.0E-6
1.0E-6
1.0E-6
1.0E-6
1.0E-6
1.0E-6
1.0E-6
1.0E-6
1.0E-6
1.0E-6
1.0E-6
1.0E-6
1.0E-6
1.0E-6
1.0E-6
1.0E-6
1.0E-6
1.0E-6
1.0E-6
1.0E-6
1.0E-6
1.0E-6
1.0E-6
1.0E-6
1.0E-6
1.0E-6
1.0E-6
1.0E-6
1.0E-6
1.0E-6
1.0E-6
1.0E-6
1.0E-6
1.0E-6
1.0E-6
1.0E-6
1.0E-6
1.0E-6
1.0E-6
1.0E-6
1.0E-6
1.0E-6
1.0E-6
1.0E-6
1.0E-6
1.0E-6
1.0E-6
1.0E-6
1.0E-6
1.0E-6
1.0E-6
1.0E-6
1.0E-6
1.0E-6
1.0E-6
1.0E-6
1.0E-6
1.0E-6
1.0E-6
1.0E-6
1.0E-6
1.0E-6
1.0E-6
1.0E-6
1.0E-6
1.0E-6
1.0E-6
1.0E-6
1.0E-6
1.0E-6
1.0E-6
1.0E-6
1.0E-6
1.0E-6
1.0E-6
1.0E-6
1.0E-6
1.0E-6
1.0E-6
1.0E-6
1.0E-6
1.0E-6
1.0E-6
1.0E-6
1.0E-6
1.0E-6
1.0E-6
1.0E-6
1.0E-6
1.0E-6
1.0E-6
1.0E-6
1.0E-6
1.0E-6
1.0E-6
1.0E-6
1.0E-6
1.0E-6
1.0E-6
1.0E-6
1.0E-6
1.0E-6
1.0E-6
1.0E-6
1.0E-6
1.0E-6
1.0E-6
1.0E-6
1.0E-6
1.0E-6
1.0E-6
1.0E-6
1.0E-6
1.0E-6
1.0E-6
1.0E-6
1.0E-6
1.0E-6
1.0E-6
1.0E-6
1.0E-6
1.0E-6
1.0E-6
1.0E-6
1.0E-6
1.0E-6
1.0E-6
1.0E-6
1.0E-6
1.0E-6
1.0E-6
1.0E-6
1.0E-6
1.0E-6
1.0E-6
1.0E-6
1.0E-6
1.0E-6
1.0E-6
1.0E-6
1.0E-6
1.0E-6
1.0E-6
1.0E-6
1.0E-6
1.0E-6
1.0E-6
1.0E-6
1.0E-6
1.0E-6
1.0E-6
1.0E-6
1.0E-6
1.0E-6
1.0E-6
1.0E-6
1.0E-6
1.0E-6
1.0E-6
1.0E-6
1.0E-6
1.0E-6
1.0E-6
1.0E-6
1.0E-6
1.0E-6
1.0E-6
1.0E-6
1.0E-6
1.0E-6
1.0E-6
1.0E-6
1.0E-6
1.0E-6
1.0E-6
1.0E-6
1.0E-6
1.0E-6
1.0E-6
1.0E-6
1.0E-6
1.0E-6
1.0E-6
1.0E-6
1.0E-6
1.0E-6
1.0E-6
1.0E-6
1.0E-6
1.0E-6
1.0E-6
1.0E-6
1.0E-6
1.0E-6
1.0E-6
1.0E-6
1.0E-6
1.0E-6
1.0E-6
1.0E-6
1.0E-6
1.0E-6
1.0E-6
1.0E-6
1.0E-6
1.0E-6
1.0E-6
1.0E-6
1.0E-6
1.0E-6
1.0E-6
1.0E-6
1.0E-6
1.0E-6
1.0E-6
1.0E-6
1.0E-6
1.0E-6
1.0E-6
1.0E-6
1.0E-6
1.0E-6
1.0E-6
1.0E-6
1.0E-6
1.0E-6
1.0E-6
1.0E-6
1.0E-6
1.0E-6
1.0E-6
1.0E-6
1.0E-6
1.0E-6
1.0E-6
1.0E-6
1.0E-6
1.0E-6
1.0E-6
1.0E-6
1.0E-6
1.0E-6
1.0E-6
1.0E-6
1.0E-6
1.0E-6
1.0E-6
1.0E-6
1.0E-6
1.0E-6
1.0E-6
1.0E-6
1.0E-6
1.0E-6
1.0E-6
1.0E-6
1.0E-6
1.0E-6
1.0E-6
1.0E-6
1.0E-6
1.0E-6
1.0E-6
1.0E-6
1.0E-6
1.0E-6
1.0E-6
1.0E-6
1.0E-6
1.0E-6
1.0E-6
1.0E-6
1.0E-6
1.0E-6
1.0E-6
1.0E-6
1.0E-6
1.0E-6
1.0E-6
1.0E-6
1.0E-6
1.0E-6
1.0E-6
1.0E-6
1.0E-6
1.0E-6
1.0E-6
1.0E-6
1.0E-6
1.0E-6
1.0E-6
1.0E-6
1.0E-6
1.0E-6
1.0E-6
1.0E-6
1.0E-6
1.0E-6
1.0E-6
1.0E-6
1.0E-6
1.0E-6
1.0E-6
1.0E-6
1.0E-6
1.0E-6
1.0E-6
1.0E-6
1.0E-6
1.0E-6
1.0E-6
1.0E-6
1.0E-6
1.0E-6
1.0E-6
1.0E-6
1.0E-6
1.0E-6
1.0E-6
1.0E-6
1.0E-6
1.0E-6
1.0E-6
1.0E-6
1.0E-6
1.0E-6
1.0E-6
1.0E-6
1.0E-6
1.0E-6
1.0E-6
1.0E-6
1.0E-6
1.0E-6
1.0E-6
1.0E-6
1.0E-6
1.0E-6
1.0E-6
1.0E-6
1.0E-6
1.0E-6
1.0E-6
1.0E-6
1.0E-6
1.0E-6
1.0E-6
1.0E-6
1.0E-6
1.0E-6
1.0E-6
1.0E-6
1.0E-6
1.0E-6
1.0E-6
1.0E-6
1.0E-6
1.0E-6
1.0E-6
1.0E-6
1.0E-6
1.0E-6
1.0E-6
1.0E-6
1.0E-6
1.0E-6
1.0E-6
1.0E-6
1.0E-6
1.0E-6
1.0E-6
1.0E-6
1.0E-6
1.0E-6
1.0E-6
1.0E-6
1.0E-6
1.0E-6
1.0E-6
1.0E-6
1.0E-6
1.0E-6
1.0E-6
1.0E-6
1.0E-6
1.0E-6
1.0E-6
1.0E-6
1.0E-6
1.0E-6
1.0E-6
1.0E-6
1.0E-6
1.0E-6
1.0E-6
1.0E-6
1.0E-6
1.0E-6
1.0E-6
1.0E-6
1.0E-6
1.0E-6
1.0E-6
1.0E-6
1.0E-6
1.0E-6
1.0E-6
1.0E-6
1.0E-6
1.0E-6
1.0E-6
1.0E-6
1.0E-6
1.0E-6
1.0E-6
1.0E-6
1.0E-6
1.0E-6
1.0E-6
1.0E-6
1.0E-6
1.0E-6
1.0E-6
1.0E-6
1.0E-6
1.0E-6
1.0E-6
1.0E-6
1.0E-6
1.0E-6
1.0E-6
1.0E-6
1.0E-6
1.0E-6
1.0E-6
1.0E-6
1.0E-6
1.0E-6
1.0E-6
1.0E-6
1.0E-6
1.0E-6
1.0E-6
1.0E-6
1.0E-6
1.0E-6
1.0E-6
1.0E-6
1.0E-6
1.0E-6
1.0E-6
1.0E-6
1.0E-6
1.0E-6
1.0E-6
1.0E-6
1.0E-6
1.0E-6
1.0E-6
1.0E-6
1.0E-6
1.0E-6
1.0E-6
1.0E-6
1.0E-6
1.0E-6
1.0E-6
1.0E-6
1.0E-6
1.0E-6
1.0E-6
1.0E-6
1.0E-6
1.0E-6
1.0E-6
1.0E-6
1.0E-6
1.0E-6
1.0E-6
1.0E-6
1.0E-6
1.0E-6
1.0E-6
1.0E-6
1.0E-6
1.0E-6
1.0E-6
1.0E-6
1.0E-6
1.0E-6
1.0E-6
1.0E-6
1.0E-6
1.0E-6
1.0E-6
1.0E-6
1.0E-6
1.0E-6
1.0E-6
1.0E-6
1.0E-6
1.0E-6
1.0E-6
1.0E-6
1.0E-6
1.0E-6
1.0E-6
1.0E-6
1.0E-6
1.0E-6
1.0E-6
1.0E-6
1.0E-6
1.0E-6
1.0E-6
1.0E-6
1.0E-6
1.0E-6
1.0E-6
1.0E-6
1.0E-6
1.0E-6
1.0E-6
1.0E-6
1.0E-6
1.0E-6
1.0E-6
1.0E-6
1.0E-6
1.0E-6
1.0E-6
1.0E-6
1.0E-6
1.0E-6
1.0E-6
1.0E-6
1.0E-6
1.0E-6
1.0E-6
1.0E-6
1.0E-6
1.0E-6
1.0E-6
1.0E-6
1.0E-6
1.0E-6
1.0E-6
1.0E-6
1.0E-6
1.0E-6
1.0E-6
1.0E-6
1.0E-6
1.0E-6
1.0E-6
1.0E-6
1.0E-6
1.0E-6
1.0E-6
1.0E-6
1.0E-6
1.0E-6
1.0E-6
1.0E-6
1.0E-6
1.0E-6
1.0E-6
1.0E-6
1.0E-6
1.0E-6
1.0E-6
1.0E-6
1.0E-6
1.0E-6
1.0E-6
1.0E-6
1.0E-6
1.0E-6
1.0E-6
1.0E-6
1.0E-6
1.0E-6
1.0E-6
1.0E-6
1.0E-6
1.0E-6
1.0E-6
1.0E-6
1.0E-6
1.0E-6
1.0E-6
1.0E-6
1.0E-6
1.0E-6
1.0E-6
1.0E-6
1.0E-6
1.0E-6
1.0E-6
1.0E-6
1.0E-6
1.0E-6
1.0E-6
1.0E-6
1.0E-6
1.0E-6
1.0E-6
1.0E-6
1.0E-6
1.0E-6
1.0E-6
1.0E-6
1.0E-6
1.0E-6
1.0E-6
1.0E-6
1.0E-6
1.0E-6
1.0E-6
1.0E-6
1.0E-6
1.0E-6
1.0E-6
1.0E-6
1.0E-6
1.0E-6
1.0E-6
1.0E-6
1.0E-6
1.0E-6
1.0E-6
1.0E-6
1.0E-6
1.0E-6
1.0E-6
1.0E-6
1.0E-6
1.0E-6
1.0E-6
1.0E-6
1.0E-6
1.0E-6
1.0E-6
1.0E-6
1.0E-6
1.0E-6
1.0E-6
1.0E-6
1.0E-6
1.0E-6
1.0E-6
1.0E-6
1.0E-6
1.0E-6
1.0E-6
1.0E-6
1.0E-6
1.0E-6
1.0E-6
1.0E-6
1.0E-6
1.0E-6
1.0E-6
1.0E-6
1.0E-6
1.0E-6
1.0E-6
1.0E-6
1.0E-6
1.0E-6
1.0E-6
1.0E-6
1.0E-6
1.0E-6
1.0E-6
1.0E-6
1.0E-6
1.0E-6
1.0E-6
1.0E-6
1.0E-6
1.0E-6
1.0E-6
1.0E-6
1.0E-6
1.0E-6
1.0E-6
1.0E-6
1.0E-6
1.0E-6
1.0E-6
1.0E-6
1.0E-6
1.0E-6
1.0E-6
1.0E-6
1.0E-6
1.0E-6
1.0E-6
1.0E-6
1.0E-6
1.0E-6
1.0E-6
1.0E-6
1.0E-6
1.0E-6
1.0E-6
1.0E-6
1.0E-6
1.0E-6
1.0E-6
1.0E-6
1.0E-6
1.0E-6
1.0E-6
1.0E-6
1.0E-6
1.0E-6
1.0E-6
1.0E-6
1.0E-6
1.0E-6
1.0E-6
1.0E-6
1.0E-6
1.0E-6
1.0E-6
1.0E-6
1.0E-6
1.0E-6
1.0E-6
1.0E-6
1.0E-6
1.0E-6
1.0E-6
1.0E-6
1.0E-6
1.0E-6
1.0E-6
1.0E-6
1.0E-6
1.0E-6
1.0E-6
1.0E-6
1.0E-6
1.0E-6
1.0E-6
1.0E-6
1.0E-6
1.0E-6
1.0E-6
1.0E-6
1.0E-6
1.0E-6
1.0E-6
1.0E-6
1.0E-6
1.0E-6
1.0E-6
1.0E-6
1.0E-6
1.0E-6
1.0E-6
1.0E-6
1.0E-6
1.0E-6
1.0E-6
1.0E-6
1.0E-6
1.0E-6
1.0E-6
1.0E-6
1.0E-6
1.0E-6
1.0E-6
1.0E-6
1.0E-6
1.0E-6
1.0E-6
1.0E-6
1.0E-6
1.0E-6
1.0E-6
1.0E-6
1.0E-6
1.0E-6
1.0E-6
1.0E-6
1.0E-6
1.0E-6
1.0E-6
1.0E-6
1.0E-6
1.0E-6
1.0E-6
1.0E-6
1.0E-6
1.0E-6
1.0E-6
1.0E-6
1.0E-6
1.0E-6
1.0E-6
1.0E-6
1.0E-6
1.0E-6
1.0E-6
1.0E-6
1.0E-6
1.0E-6
1.0E-6
1.0E-6
1.0E-6
1.0E-6
1.0E-6
1.0E-6
1.0E-6
1.0E-6
1.0E-6
1.0E-6
1.0E-6
1.0E-6
1.0E-6
1.0E-6
1.0E-6
1.0E-6
1.0E-6
1.0E-6
1.0E-6
1.0E-6
1.0E-6
1.0E-6
1.0E-6
1.0E-6
1.0E-6
1.0E-6
1.0E-6
1.0E-6
1.0E-6
1.0E-6
1.0E-6
1.0E-6
1.0E-6
1.0E-6
1.0E-6
1.0E-6
1.0E-6
1.0E-6
1.0E-6
1.0E-6
1.0E-6
1.0E-6
1.0E-6
1.0E-6
1.0E-6
1.0E-6
1.0E-6
1.0E-6
1.0E-6
1.0E-6
1.0E-6
1.0E-6
1.0E-6
1.0E-6
1.0E-6
1.0E-6
1.0E-6
1.0E-6
1.0E-6
1.0E-6
1.0E-6
1.0E-6
1.0E-6
1.0E-6
1.0E-6
1.0E-6
1.0E-6
1.0E-6
1.0E-6
1.0E-6
1.0E-6
1.0E-6
1.0E-6
1.0E-6
1.0E-6
1.0E-6
1.0E-6
1.0E-6
1.0E-6
1.0E-6
1.0E-6
1.0E-6
1.0E-6
1.0E-6
1.0E-6
1.0E-6
1.0E-6
1.0E-6
1.0E-6
1.0E-6
1.0E-6
1.0E-6
1.0E-6
1.0E-6
1.0E-6
1.0E-6
1.0E-6
1.0E-6
1.0E-6
1.0E-6
1.0E-6
1.0E-6
1.0E-6
1.0E-6
1.0E-6
1.0E-6
1.0E-6
1.0E-6
1.0E-6
1.0E-6
1.0E-6
1.0E-6
1.0E-6
1.0E-6
1.0E-6
1.0E-6
1.0E-6
1.0E-6
1.0E-6
1.0E-6
1.0E-6
1.0E-6
1.0E-6
1.0E-6
1.0E-6
1.0E-6
1.0E-6
1.0E-6
1.0E-6
1.0E-6
1.0E-6
1.0E-6
1.0E-6
1.0E-6
1.0E-6
1.0E-6
1.0E-6
1.0E-6
1.0E-6
1.0E-6
1.0E-6
1.0E-6
1.0E-6
1.0E-6
1.0E-6
1.0E-6
1.0E-6
1.0E-6
1.0E-6
1.0E-6
1.0E-6
1.0E-6
1.0E-6
1.0E-6
1.0E-6
1.0E-6
1.0E-6
1.0E-6
1.0E-6
1.0E-6
1.0E-6
1.0E-6
1.0E-6
1.0E-6
1.0E-6
1.0E-6
1.0E-6
1.0E-6
1.0E-6
1.0E-6
1.0E-6
1.0E-6
1.0E-6
1.0E-6
1.0E-6
1.0E-6
1.0E-6
1.0E-6
1.0E-6
1.0E-6
1.0E-6
1.0E-6
1.0E-6
1.0E-6
1.0E-6
1.0E-6
1.0E-6
1.0E-6
1.0E-6
1.0E-6
1.0E-6
1.0E-6
1.0E-6
1.0E-6
1.0E-6
1.0E-6
1.0E-6
1.0E-6
1.0E-6
1.0E-6
1.0E-6
1.0E-6
1.0E-6
1.0E-6
1.0E-6
1.0E-6
1.0E-6
1.0E-6
1.0E-6
1.0E-6
1.0E-6
1.0E-6
1.0E-6
1.0E-6
1.0E-6
1.0E-6
1.0E-6
1.0E-6
1.0E-6
1.0E-6
1.0E-6
1.0E-6
1.0E-6
1.0E-6
1.0E-6
1.0E-6
1.0E-6
1.0E-6
1.0E-6
1.0E-6
1.0E-6
1.0E-6
1.0E-6
1.0E-6
1.0E-6
1.0E-6
1.0E-6
1.0E-6
1.0E-6
1.0E-6
1.0E-6
1.0E-6
1.0E-6
1.0E-6
1.0E-6
1.0E-6
1.0E-6
1.0E-6
1.0E-6
1.0E-6
1.0E-6
1.0E-6
1.0E-6
1.0E-6
1.0E-6
1.0E-6
1.0E-6
1.0E-6
1.0E-6
1.0E-6
1.0E-6
1.0E-6
1.0E-6
1.0E-6
1.0E-6
1.0E-6
1.0E-6
1.0E-6
1.0E-6
1.0E-6
1.0E-6
1.0E-6
1.0E-6
1.0E-6
1.0E-6
1.0E-6
1.0E-6
1.0E-6
1.0E-6
1.0E-6
1.0E-6
1.0E-6
1.0E-6
1.0E-6
1.0E-6
1.0E-6
1.0E-6
1.0E-6
1.0E-6
1.0E-6
1.0E-6
1.0E-6
1.0E-6
1.0E-6
1.0E-6
1.0E-6
1.0E-6
1.0E-6
1.0E-6
1.0E-6
1.0E-6
1.0E-6
1.0E-6
1.0E-6
1.0E-6
1.0E-6
1.0E-6
1.0E-6
1.0E-6
1.0E-6
1.0E-6
1.0E-6
1.0E-6
1.0E-6
1.0E-6
1.0E-6
1.0E-6
1.0E-6
1.0E-6
1.0E-6
1.0E-6
1.0E-6
1.0E-6
1.0E-6
1.0E-6
1.0E-6
1.0E-6
1.0E-6
1.0E-6
1.0E-6
1.0E-6
1.0E-6
1.0E-6
1.0E-6
1.0E-6
1.0E-6
1.0E-6
1.0E-6
1.0E-6
1.0E-6
1.0E-6
1.0E-6
1.0E-6
1.0E-6
1.0E-6
1.0E-6
1.0E-6
1.0E-6
1.0E-6
1.0E-6
1.0E-6
1.0E-6
1.0E-6
1.0E-6
1.0E-6
1.0E-6
1.0E-6
1.0E-6
1.0E-6
1.0E-6
1.0E-6
1.0E-6
1.0E-6
1.0E-6
1.0E-6
1.0E-6
1.0E-6
1.0E-6
1.0E-6
1.0E-6
1.0E-6
1.0E-6
1.0E-6
1.0E-6
1.0E-6
1.0E-6
1.0E-6
1.0E-6
1.0E-6
1.0E-6
1.0E-6
1.0E-6
1.0E-6
1.0E-6
1.0E-6
1.0E-6
1.0E-6
1.0E-6
1.0E-6
1.0E-6
1.0E-6
1.0E-6
1.0E-6
1.0E-6
1.0E-6
1.0E-6
1.0E-6
1.0E-6
1.0E-6
1.0E-6
1.0E-6
1.0E-6
1.0E-6
1.0E-6
1.0E-6
1.0E-6
1.0E-6
1.0E-6
1.0E-6
1.0E-6
1.0E-6
1.0E-6
1.0E-6
1.0E-6
1.0E-6
1.0E-6
1.0E-6
1.0E-6
1.0E-6
1.0E-6
1.0E-6
1.0E-6
1.0E-6
1.0E-6
1.0E-6
1.0E-6
1.0E-6
1.0E-6
1.0E-6
1.0E-6
1.0E-6
1.0E-6
1.0E-6
1.0E-6
1.0E-6
1.0E-6
1.0E-6
1.0E-6
1.0E-6
1.0E-6
1.0E-6
1.0E-6
1.0E-6
1.0E-6
1.0E-6
1.0E-6
1.0E-6
1.0E-6
1.0E-6
1.0E-6
1.0E-6
1.0E-6
1.0E-6
1.0E-6
1.0E-6
1.0E-6
1.0E-6
1.0E-6
1.0E-6
1.0E-6
1.0E-6
1.0E-6
1.0E-6
1.0E-6
1.0E-6
1.0E-6
1.0E-6
1.0E-6
1.0E-6
1.0E-6
1.0E-6
1.0E-6
1.0E-6
1.0E-6
1.0E-6
1.0E-6
1.0E-6
1.0E-6
1.0E-6
1.0E-6
1.0E-6
1.0E-6
1.0E-6
1.0E-6
1.0E-6
1.0E-6
1.0E-6
1.0E-6
1.0E-6
1.0E-6
1.0E-6
1.0E-6
1.0E-6
1.0E-6
1.0E-6
1.0E-6
1.0E-6
1.0E-6
1.0E-6
1.0E-6
1.0E-6
1.0E-6
1.0E-6
1.0E-6
1.0E-6
1.0E-6
1.0E-6
1.0E-6
1.0E-6
1.0E-6
1.0E-6
1.0E-6
1.0E-6
1.0E-6
1.0E-6
1.0E-6
1.0E-6
1.0E-6
1.0E-6
1.0E-6
1.0E-6
1.0E-6
1.0E-6
1.0E-6
1.0E-6
1.0E-6
1.0E-6
1.0E-6
1.0E-6
1.0E-6
1.0E-6
1.0E-6
1.0E-6
1.0E-6
1.0E-6
1.0E-6
1.0E-6
1.0E-6
1.0E-6
1.0E-6
1.0E-6
1.0E-6
1.0E-6
1.0E-6
1.0E-6
1.0E-6
1.0E-6
1.0E-6
1.0E-6
1.0E-6
1.0E-6
1.0E-6
1.0E-6
1.0E-6
1.0E-6
1.0E-6
1.0E-6
1.0E-6
1.0E-6
1.0E-6
1.0E-6
1.0E-6
1.0E-6
1.0E-6
1.0E-6
1.0E-6
1.0E-6
1.0E-6
1.0E-6
1.0E-6
1.0E-6
1.0E-6
1.0E-6
1.0E-6
1.0E-6
1.0E-6
1.0E-6
1.0E-6
1.0E-6
1.0E-6
1.0E-6
1.0E-6
1.0E-6
1.0E-6
1.0E-6
1.0E-6
1.0E-6
1.0E-6
1.0E-6
1.0E-6
1.0E-6
1.0E-6
1.0E-6
1.0E-6
1.0E-6
1.0E-6
1.0E-6
1.0E-6
1.0E-6
1.0E-6
1.0E-6
1.0E-6
1.0E-6
1.0E-6
1.0E-6
1.0E-6
1.0E-6
1.0E-6
1.0E-6
1.0E-6
1.0E-6
1.0E-6
1.0E-6
1.0E-6
1.0E-6
1.0E-6
1.0E-6
1.0E-6
1.0E-6
1.0E-6
1.0E-6
1.0E-6
1.0E-6
1.0E-6
1.0E-6
1.0E-6
1.0E-6
1.0E-6
1.0E-6
1.0E-6
1.0E-6
1.0E-6
1.0E-6
1.0E-6
1.0E-6
1.0E-6
1.0E-6
1.0E-6
1.0E-6
1.0E-6
1.0E-6
1.0E-6
1.0E-6
1.0E-6
1.0E-6
1.0E-6
1.0E-6
1.0E-6
1.0E-6
1.0E-6
1.0E-6
1.0E-6
1.0E-6
1.0E-6
1.0E-6
1.0E-6
1.0E-6
1.0E-6
1.0E-6
1.0E-6
1.0E-6
1.0E-6
1.0E-6
1.0E-6
1.0E-6
1.0E-6
1.0E-6
1.0E-6
1.0E-6
1.0E-6
1.0E-6
1.0E-6
1.0E-6
1.0E-6
1.0E-6
1.0E-6
1.0E-6
1.0E-6
1.0E-6
1.0E-6
1.0E-6
1.0E-6
1.0E-6
1.0E-6
1.0E-6
1.0E-6
1.0E-6
1.0E-6
1.0E-6
1.0E-6
1.0E-6
1.0E-6
1.0E-6
1.0E-6
1.0E-6
1.0E-6
1.0E-6
1.0E-6
1.0E-6
1.0E-6
1.0E-6
1.0E-6
1.0E-6
1.0E-6
1.0E-6
1.0E-6
1.0E-6
1.0E-6
1.0E-6
1.0E-6
1.0E-6
1.0E-6
1.0E-6
1.0E-6
1.0E-6
1.0E-6
1.0E-6
1.0E-6
1.0E-6
1.0E-6
1.0E-6
1.0E-6
1.0E-6
1.0E-6
1.0E-6
1.0E-6
1.0E-6
1.0E-6
1.0E-6
1.0E-6
1.0E-6
1.0E-6
1.0E-6
1.0E-6
1.0E-6
1.0E-6
1.0E-6
1.0E-6
1.0E-6
1.0E-6
1.0E-6
1.0E-6
1.0E-6
1.0E-6
1.0E-6
1.0E-6
1.0E-6
1.0E-6
1.0E-6
1.0E-6
1.0E-6
1.0E-6
1.0E-6
1.0E-6
1.0E-6
1.0E-6
1.0E-6
1.0E-6
1.0E-6
1.0E-6
1.0E-6
1.0E-6
1.0E-6
1.0E-6
1.0E-6
1.0E-6
1.0E-6
1.0E-6
1.0E-6
1.0E-6
1.0E-6
1.0E-6
1.0E-6
1.0E-6
1.0E-6
1.0E-6
1.0E-6
1.0E-6
1.0E-6
1.0E-6
1.0E-6
1.0E-6
1.0E-6
1.0E-6
1.0E-6
1.0E-6
1.0E-6
1.0E-6
1.0E-6
1.0E-6
1.0E-6
1.0E-6
1.0E-6
1.0E-6
1.0E-6
1.0E-6
1.0E-6
0.0
0.0
0.0
0.0
0.0
0.0
0.0
0.0
0.0
0.0
0.0
0.0
0.0
0.0
0.0
0.0
0.0
0.0
0.0
0.0
0.0
0.0
0.0
0.0
0.0
0.0
0.0
0.0
0.0
0.0
0.0
0.0
0.0
0.0
0.0
0.0
0.0
0.0
0.0
0.0
0.0
0.0
0.0
0.0
0.0
0.0
0.0
0.0
0.0
0.0
0.0
0.0
0.0
0.0
0.0
0.0
0.0
0.0
0.0
0.0
0.0
0.0
0.0
0.0
0.0
0.0
0.0
0.0
0.0
0.0
0.0
0.0
0.0
0.0
0.0
0.0
0.0
0.0
0.0
0.0
0.0
0.0
0.0
0.0
0.0
0.0
0.0
0.0
0.0
0.0
0.0
0.0
0.0
0.0
0.0
0.0
0.0
0.0
0.0
0.0
0.0
0.0
0.0
0.0
0.0
0.0
0.0
0.0
0.0
0.0
0.0
0.0
0.0
0.0
0.0
0.0
0.0
0.0
0.0
0.0
0.0
0.0
0.0
0.0
0.0
0.0
0.0
0.0
0.0
0.0
0.0
0.0
0.0
0.0
0.0
0.0
0.0
0.0
0.0
0.0
0.0
0.0
0.0
0.0
0.0
0.0
0.0
0.0
0.0
0.0
0.0
0.0
0.0
0.0
0.0
0.0
0.0
0.0
0.0
0.0
0.0
0.0
0.0
0.0
0.0
0.0
0.0
0.0
0.0
0.0
0.0
0.0
0.0
0.0
0.0
0.0
0.0
0.0
0.0
0.0
0.0
0.0
0.0
0.0
0.0
0.0
0.0
0.0
0.0
0.0
0.0
0.0
0.0
0.0
0.0
0.0
0.0
0.0
0.0
0.0
0.0
0.0
0.0
0.0
0.0
0.0
0.0
0.0
0.0
0.0
0.0
0.0
0.0
0.0
0.0
0.0
0.0
0.0
0.0
0.0
0.0
0.0
0.0
0.0
0.0
0.0
0.0
0.0
0.0
0.0
0.0
0.0
0.0
0.0
0.0
0.0
0.0
0.0
0.0
0.0
0.0
0.0
0.0
0.0
0.0
0.0
0.0
0.0
0.0
0.0
0.0
0.0
0.0
0.0
0.0
0.0
0.0
0.0
0.0
0.0
0.0
0.0
0.0
0.0
0.0
0.0
0.0
0.0
0.0
0.0
0.0
0.0
0.0
0.0
0.0
0.0
0.0
0.0
0.0
0.0
0.0
0.0
0.0
0.0
0.0
0.0
0.0
0.0
0.0
0.0
0.0
0.0
0.0
0.0
0.0
0.0
0.0
0.0
0.0
0.0
0.0
0.0
0.0
0.0
0.0
0.0
0.0
0.0
0.0
0.0
0.0
0.0
0.0
0.0
0.0
0.0
0.0
0.0
0.0
0.0
0.0
0.0
0.0
0.0
0.0
0.0
0.0
0.0
0.0
0.0
0.0
0.0
0.0
0.0
0.0
0.0
0.0
0.0
0.0
0.0
0.0
0.0
0.0
0.0
0.0
0.0
0.0
0.0
0.0
0.0
0.0
0.0
0.0
0.0
0.0
0.0
0.0
0.0
0.0
0.0
0.0
0.0
0.0
0.0
0.0
0.0
0.0
0.0
0.0
0.0
0.0
0.0
0.0
0.0
0.0
0.0
0.0
0.0
0.0
0.0
0.0
0.0
0.0
0.0
0.0
0.0
0.0
0.0
0.0
0.0
0.0
0.0
0.0
0.0
0.0
0.0
0.0
0.0
0.0
0.0
0.0
0.0
0.0
0.0
0.0
0.0
0.0
0.0
0.0
0.0
0.0
0.0
0.0
0.0
0.0
0.0
0.0
0.0
0.0
0.0
0.0
0.0
0.0
0.0
0.0
0.0
0.0
0.0
0.0
0.0
0.0
0.0
0.0
0.0
0.0
0.0
0.0
0.0
0.0
0.0
0.0
0.0
0.0
0.0
0.0
0.0
0.0
0.0
0.0
0.0
0.0
0.0
0.0
0.0
0.0
0.0
0.0
0.0
0.0
0.0
0.0
0.0
0.0
0.0
0.0
0.0
0.0
0.0
0.0
0.0
0.0
0.0
0.0
0.0
0.0
0.0
0.0
0.0
0.0
0.0
0.0
0.0
0.0
0.0
0.0
0.0
0.0
0.0
0.0
0.0
0.0
0.0
0.0
0.0
0.0
0.0
0.0
0.0
0.0
0.0
0.0
0.0
0.0
0.0
0.0
0.0
0.0
0.0
0.0
0.0
0.0
0.0
0.0
0.0
0.0
0.0
0.0
0.0
0.0
0.0
0.0
0.0
0.0
0.0
0.0
0.0
0.0
0.0
0.0
0.0
0.0
0.0
0.0
0.0
0.0
0.0
0.0
0.0
0.0
0.0
0.0
0.0
0.0
0.0
0.0
0.0
0.0
0.0
0.0
0.0
0.0
0.0
0.0
0.0
0.0
0.0
0.0
0.0
0.0
0.0
0.0
0.0
0.0
0.0
0.0
0.0
0.0
0.0
0.0
0.0
0.0
0.0
0.0
0.0
0.0
0.0
0.0
0.0
0.0
0.0
0.0
0.0
0.0
0.0
0.0
0.0
0.0
0.0
0.0
0.0
0.0
0.0
0.0
0.0
0.0
0.0
0.0
0.0
0.0
0.0
0.0
0.0
0.0
0.0
0.0
0.0
0.0
0.0
0.0
0.0
0.0
0.0
0.0
0.0
0.0
0.0
0.0
0.0
0.0
0.0
0.0
0.0
0.0
0.0
0.0
0.0
0.0
0.0
0.0
0.0
0.0
0.0
0.0
0.0
0.0
0.0
0.0
0.0
0.0
0.0
0.0
0.0
0.0
0.0
0.0
0.0
0.0
0.0
0.0
0.0
0.0
0.0
0.0
0.0
0.0
0.0
0.0
0.0
0.0
0.0
0.0
0.0
0.0
0.0
0.0
0.0
0.0
0.0
0.0
0.0
0.0
0.0
0.0
0.0
0.0
0.0
0.0
0.0
0.0
0.0
0.0
0.0
0.0
0.0
0.0
0.0
0.0
0.0
0.0
0.0
0.0
0.0
0.0
0.0
0.0
0.0
0.0
0.0
0.0
0.0
0.0
0.0
0.0
0.0
0.0
0.0
0.0
0.0
0.0
0.0
0.0
0.0
0.0
0.0
0.0
0.0
0.0
0.0
0.0
0.0
0.0
0.0
0.0
0.0
0.0
0.0
0.0
0.0
0.0
0.0
0.0
0.0
0.0
0.0
0.0
0.0
0.0
0.0
0.0
0.0
0.0
0.0
0.0
0.0
0.0
0.0
0.0
0.0
0.0
0.0
0.0
0.0
0.0
0.0
0.0
0.0
0.0
0.0
0.0
0.0
0.0
0.0
0.0
0.0
0.0
0.0
0.0
0.0
0.0
0.0
0.0
0.0
0.0
0.0
0.0
0.0
0.0
0.0
0.0
0.0
0.0
0.0
0.0
0.0
0.0
0.0
0.0
0.0
0.0
0.0
0.0
0.0
0.0
0.0
0.0
0.0
0.0
0.0
0.0
0.0
0.0
0.0
0.0
0.0
0.0
0.0
0.0
0.0
0.0
0.0
0.0
0.0
0.0
0.0
0.0
0.0
0.0
0.0
0.0
0.0
0.0
0.0
0.0
0.0
0.0
0.0
0.0
0.0
0.0
0.0
0.0
0.0
0.0
0.0
0.0
0.0
0.0
0.0
0.0
0.0
0.0
0.0
0.0
0.0
0.0
0.0
0.0
0.0
0.0
0.0
0.0
0.0
0.0
0.0
0.0
0.0
0.0
0.0
0.0
0.0
0.0
0.0
0.0
0.0
0.0
0.0
0.0
0.0
0.0
0.0
0.0
0.0
0.0
0.0
0.0
0.0
0.0
0.0
0.0
0.0
0.0
0.0
0.0
0.0
0.0
0.0
0.0
0.0
0.0
0.0
0.0
0.0
0.0
0.0
0.0
0.0
0.0
0.0
0.0
0.0
0.0
0.0
0.0
0.0
0.0
0.0
0.0
0.0
0.0
0.0
0.0
0.0
0.0
0.0
0.0
0.0
0.0
0.0
0.0
0.0
0.0
0.0
0.0
0.0
0.0
0.0
0.0
0.0
0.0
0.0
0.0
0.0
0.0
0.0
0.0
0.0
0.0
0.0
0.0
0.0
0.0
0.0
0.0
0.0
0.0
0.0
0.0
0.0
0.0
0.0
0.0
0.0
0.0
0.0
0.0
0.0
0.0
0.0
0.0
0.0
0.0
0.0
0.0
0.0
0.0
0.0
0.0
0.0
0.0
0.0
0.0
0.0
0.0
0.0
0.0
0.0
0.0
0.0
0.0
0.0
0.0
0.0
0.0
0.0
0.0
0.0
0.0
0.0
0.0
0.0
0.0
0.0
0.0
0.0
0.0
0.0
0.0
0.0
0.0
0.0
0.0
0.0
0.0
0.0
0.0
0.0
0.0
0.0
0.0
0.0
0.0
0.0
0.0
0.0
0.0
0.0
0.0
0.0
0.0
0.0
0.0
0.0
0.0
0.0
0.0
0.0
0.0
0.0
0.0
0.0
0.0
0.0
0.0
0.0
0.0
0.0
0.0
0.0
0.0
0.0
0.0
0.0
0.0
0.0
0.0
0.0
0.0
0.0
0.0
0.0
0.0
0.0
0.0
0.0
0.0
0.0
0.0
0.0
0.0
0.0
0.0
0.0
0.0
0.0
0.0
0.0
0.0
0.0
0.0
0.0
0.0
0.0
0.0
0.0
0.0
0.0
0.0
0.0
0.0
0.0
0.0
0.0
0.0
0.0
0.0
0.0
0.0
0.0
0.0
0.0
0.0
0.0
0.0
0.0
0.0
0.0
0.0
0.0
0.0
0.0
0.0
0.0
0.0
0.0
0.0
0.0
0.0
0.0
0.0
0.0
0.0
0.0
0.0
0.0
0.0
0.0
0.0
0.0
0.0
0.0
0.0
0.0
0.0
0.0
0.0
0.0
0.0
0.0
0.0
0.0
0.0
0.0
0.0
0.0
0.0
0.0
0.0
0.0
0.0
0.0
0.0
0.0
0.0
0.0
0.0
0.0
0.0
0.0
0.0
0.0
0.0
0.0
0.0
0.0
0.0
0.0
0.0
0.0
0.0
0.0
0.0
0.0
0.0
0.0
0.0
0.0
0.0
0.0
0.0
0.0
0.0
0.0
0.0
0.0
0.0
0.0
0.0
0.0
0.0
0.0
0.0
0.0
0.0
0.0
0.0
0.0
0.0
0.0
0.0
0.0
0.0
0.0
0.0
0.0
0.0
0.0
0.0
0.0
0.0
0.0
0.0
0.0
0.0
0.0
0.0
0.0
0.0
0.0
0.0
0.0
0.0
0.0
0.0
0.0
0.0
0.0
0.0
0.0
0.0
0.0
0.0
0.0
0.0
0.0
0.0
0.0
0.0
0.0
0.0
0.0
0.0
0.0
0.0
0.0
0.0
0.0
0.0
0.0
0.0
0.0
0.0
0.0
0.0
0.0
0.0
0.0
0.0
0.0
0.0
0.0
0.0
0.0
0.0
0.0
0.0
0.0
0.0
0.0
0.0
0.0
0.0
0.0
0.0
0.0
0.0
0.0
0.0
0.0
0.0
0.0
0.0
0.0
0.0
0.0
0.0
0.0
0.0
0.0
0.0
0.0
0.0
0.0
0.0
0.0
0.0
0.0
0.0
0.0
0.0
0.0
0.0
0.0
0.0
0.0
0.0
0.0
0.0
0.0
0.0
0.0
0.0
0.0
0.0
0.0
0.0
0.0
0.0
0.0
0.0
0.0
0.0
0.0
0.0
0.0
0.0
0.0
0.0
0.0
0.0
0.0
0.0
0.0
0.0
0.0
0.0
0.0
0.0
0.0
0.0
0.0
0.0
0.0
0.0
0.0
0.0
0.0
0.0
0.0
0.0
0.0
0.0
0.0
0.0
0.0
0.0
0.0
0.0
0.0
0.0
0.0
0.0
0.0
0.0
0.0
0.0
0.0
0.0
0.0
0.0
0.0
0.0
0.0
0.0
0.0
0.0
0.0
0.0
0.0
0.0
0.0
0.0
0.0
0.0
0.0
0.0
0.0
0.0
0.0
0.0
0.0
0.0
0.0
0.0
0.0
0.0
0.0
0.0
0.0
0.0
0.0
0.0
0.0
0.0
0.0
0.0
0.0
0.0
0.0
0.0
0.0
0.0
0.0
0.0
0.0
0.0
0.0
0.0
0.0
0.0
0.0
0.0
0.0
0.0
0.0
0.0
0.0
0.0
0.0
0.0
0.0
0.0
0.0
0.0
0.0
0.0
0.0
0.0
0.0
0.0
0.0
0.0
0.0
0.0
0.0
0.0
0.0
0.0
0.0
0.0
0.0
0.0
0.0
0.0
0.0
0.0
0.0
0.0
0.0
0.0
0.0
0.0
0.0
0.0
0.0
0.0
0.0
0.0
0.0
0.0
0.0
0.0
0.0
0.0
0.0
0.0
0.0
0.0
0.0
0.0
0.0
0.0
0.0
0.0
0.0
0.0
0.0
0.0
0.0
0.0
0.0
0.0
0.0
0.0
0.0
0.0
0.0
0.0
0.0
0.0
0.0
0.0
0.0
0.0
0.0
0.0
0.0
0.0
0.0
0.0
0.0
0.0
0.0
0.0
0.0
0.0
0.0
0.0
0.0
0.0
0.0
0.0
0.0
0.0
0.0
0.0
0.0
0.0
0.0
0.0
0.0
0.0
0.0
0.0
0.0
0.0
0.0
0.0
0.0
0.0
0.0
0.0
0.0
0.0
0.0
0.0
0.0
0.0
0.0
0.0
0.0
0.0
0.0
0.0
0.0
0.0
0.0
0.0
0.0
0.0
0.0
0.0
0.0
0.0
0.0
0.0
0.0
0.0
0.0
0.0
0.0
0.0
0.0
0.0
0.0
0.0
0.0
0.0
0.0
0.0
0.0
0.0
0.0
0.0
0.0
0.0
0.0
0.0
0.0
0.0
0.0
0.0
0.0
0.0
0.0
0.0
0.0
0.0
0.0
0.0
0.0
0.0
0.0
0.0
0.0
0.0
0.0
0.0
0.0
0.0
0.0
0.0
0.0
0.0
0.0
0.0
0.0
0.0
0.0
0.0
0.0
0.0
0.0
0.0
0.0
0.0
0.0
0.0
0.0
0.0
0.0
0.0
0.0
0.0
0.0
0.0
0.0
0.0
0.0
0.0
0.0
0.0
0.0
0.0
0.0
0.0
0.0
0.0
0.0
0.0
0.0
0.0
0.0
0.0
0.0
0.0
0.0
0.0
0.0
0.0
0.0
0.0
0.0
0.0
0.0
0.0
0.0
0.0
0.0
0.0
0.0
0.0
0.0
0.0
0.0
0.0
0.0
0.0
0.0
0.0
0.0
0.0
0.0
0.0
0.0
0.0
0.0
0.0
0.0
0.0
0.0
0.0
0.0
0.0
0.0
0.0
0.0
0.0
0.0
0.0
0.0
0.0
0.0
0.0
0.0
0.0
0.0
0.0
0.0
0.0
0.0
0.0
0.0
0.0
0.0
0.0
0.0
0.0
0.0
0.0
0.0
0.0
0.0
0.0
0.0
0.0
0.0
0.0
0.0
0.0
0.0
0.0
0.0
0.0
0.0
0.0
0.0
0.0
0.0
0.0
0.0
0.0
0.0
0.0
0.0
0.0
0.0
0.0
0.0
0.0
0.0
0.0
0.0
0.0
0.0
0.0
0.0
0.0
0.0
0.0
0.0
0.0
0.0
0.0
0.0
0.0
0.0
0.0
0.0
0.0
0.0
0.0
0.0
0.0
0.0
0.0
0.0
0.0
0.0
0.0
0.0
0.0
0.0
0.0
0.0
0.0
0.0
0.0
0.0
0.0
0.0
0.0
0.0
0.0
0.0
0.0
0.0
0.0
0.0
0.0
0.0
0.0
0.0
0.0
0.0
0.0
0.0
0.0
0.0
0.0
0.0
0.0
0.0
0.0
0.0
0.0
0.0
0.0
0.0
0.0
0.0
0.0
0.0
0.0
0.0
0.0
0.0
0.0
0.0
0.0
0.0
0.0
0.0
0.0
0.0
0.0
0.0
0.0
0.0
0.0
0.0
0.0
0.0
0.0
0.0
0.0
0.0
0.0
0.0
0.0
0.0
0.0
0.0
0.0
0.0
0.0
0.0
0.0
0.0
0.0
0.0
0.0
0.0
0.0
0.0
0.0
0.0
0.0
0.0
0.0
0.0
0.0
0.0
0.0
0.0
0.0
0.0
0.0
0.0
0.0
0.0
0.0
0.0
0.0
0.0
0.0
0.0
0.0
0.0
0.0
0.0
0.0
0.0
0.0
0.0
0.0
0.0
0.0
0.0
0.0
0.0
0.0
0.0
0.0
0.0
0.0
0.0
0.0
0.0
0.0
0.0
0.0
0.0
0.0
0.0
0.0
0.0
0.0
0.0
0.0
0.0
0.0
0.0
0.0
0.0
0.0
0.0
0.0
0.0
0.0
0.0
0.0
0.0
0.0
0.0
0.0
0.0
0.0
0.0
0.0
0.0
0.0
0.0
0.0
0.0
0.0
0.0
0.0
0.0
0.0
0.0
0.0
0.0
0.0
0.0
0.0
0.0
0.0
0.0
0.0
0.0
0.0
0.0
0.0
0.0
0.0
0.0
0.0
0.0
0.0
0.0
0.0
0.0
0.0
0.0
0.0
0.0
0.0
0.0
0.0
0.0
0.0
0.0
0.0
0.0
0.0
0.0
0.0
0.0
0.0
0.0
0.0
0.0
0.0
0.0
0.0
0.0
0.0
0.0
0.0
0.0
0.0
0.0
0.0
0.0
0.0
0.0
0.0
0.0
0.0
0.0
0.0
0.0
0.0
0.0
0.0
0.0
0.0
0.0
0.0
0.0
0.0
0.0
0.0
0.0
0.0
0.0
0.0
0.0
0.0
0.0
0.0
0.0
0.0
0.0
0.0
0.0
0.0
0.0
0.0
0.0
0.0
0.0
0.0
0.0
0.0
0.0
0.0
0.0
0.0
0.0
0.0
0.0
0.0
0.0
0.0
0.0
0.0
0.0
0.0
0.0
0.0
0.0
0.0
0.0
0.0
0.0
0.0
0.0
0.0
0.0
0.0
0.0
0.0
0.0
0.0
0.0
0.0
0.0
0.0
0.0
0.0
0.0
0.0
0.0
0.0
0.0
0.0
0.0
0.0
0.0
0.0
0.0
0.0
0.0
0.0
0.0
0.0
0.0
0.0
0.0
0.0
0.0
0.0
0.0
0.0
0.0
0.0
0.0
0.0
0.0
0.0
0.0
0.0
0.0
0.0
0.0
0.0
0.0
0.0
0.0
0.0
0.0
0.0
0.0
0.0
0.0
0.0
0.0
0.0
0.0
0.0
0.0
0.0
0.0
0.0
0.0
0.0
0.0
0.0
0.0
0.0
0.0
0.0
0.0
0.0
0.0
0.0
0.0
0.0
0.0
0.0
0.0
0.0
0.0
0.0
0.0
0.0
0.0
0.0
0.0
0.0
0.0
0.0
0.0
0.0
0.0
0.0
0.0
0.0
0.0
0.0
0.0
0.0
0.0
0.0
0.0
0.0
0.0
0.0
0.0
0.0
0.0
0.0
0.0
0.0
0.0
0.0
0.0
0.0
0.0
0.0
0.0
0.0
0.0
0.0
0.0
0.0
0.0
0.0
0.0
0.0
0.0
0.0
0.0
0.0
0.0
0.0
0.0
0.0
0.0
0.0
0.0
0.0
0.0
0.0
0.0
0.0
0.0
0.0
0.0
0.0
0.0
0.0
0.0
0.0
0.0
0.0
0.0
0.0
0.0
0.0
0.0
0.0
0.0
0.0
0.0
0.0
0.0
0.0
